2008082800  HTUT    0   18.9   75.0  AL0708    0   39   999
2008082800  HTUT    6   18.4   76.4  AL0708    6   54   992
2008082800  HTUT    6   18.4   76.4  AL0708    6   54   992
2008082800  HTUT   12   18.1   77.1  AL0708   12   34   995
2008082800  HTUT   18   18.1   77.5  AL0708   18   38   993
2008082800  HTUT   24   18.3   77.9  AL0708   24   42   991
2008082800  HTUT   30   18.7   78.4  AL0708   30   45   988
2008082800  HTUT   36   19.4   79.3  AL0708   36   39   992
2008082800  HTUT   42   20.0   80.1  AL0708   42   37   993
2008082800  HTUT   48   20.5   80.8  AL0708   48   46   993
2008082800  HTUT   54   21.2   81.7  AL0708   54   49   989
2008082800  HTUT   60   22.0   82.6  AL0708   60   52   989
2008082800  HTUT   60   22.0   82.6  AL0708   60   52   989
2008082800  HTUT   66   22.9   83.4  AL0708   66   50   989
2008082800  HTUT   72   23.9   84.0  AL0708   72   52   991
2008082800  HTUT   72   23.9   84.0  AL0708   72   52   991
2008082800  HTUT   78   24.7   85.0  AL0708   78   52   985
2008082800  HTUT   78   24.7   85.0  AL0708   78   52   985
2008082800  HTUT   84   25.5   85.7  AL0708   84   48   985
2008082800  HTUT   90   26.3   86.3  AL0708   90   51   980
2008082800  HTUT   90   26.3   86.3  AL0708   90   51   980
2008082800  HTUT   96   27.2   86.7  AL0708   96   60   976
2008082800  HTUT   96   27.2   86.7  AL0708   96   60   976
2008082800  HTUT  102   28.1   87.6  AL0708  102   62   971
2008082800  HTUT  102   28.1   87.6  AL0708  102   62   971
2008082800  HTUT  108   28.8   87.9  AL0708  108   62   969
2008082800  HTUT  108   28.8   87.9  AL0708  108   62   969
2008082800  HTUT  114   29.6   88.5  AL0708  114   66   966
2008082800  HTUT  114   29.6   88.5  AL0708  114   66   966
2008082800  HTUT  114   29.6   88.5  AL0708  114   66   966
2008082800  HTUT  120   30.3   89.0  AL0708  120   58   970
2008082800  HTUT  120   30.3   89.0  AL0708  120   58   970
