2008082800  CARQ    0   18.9   75.1  AL0708      GUSTAV   40   999	00
2008082806  CARQ    0   18.0   75.5  AL0708      GUSTAV   45   994	06
2008082812  CARQ    0   17.9   75.7  AL0708      GUSTAV   60   983	12
2008082818  CARQ    0   18.0   76.2  AL0708      GUSTAV   60   983	18
2008082900  CARQ    0   17.8   77.0  AL0708      GUSTAV   60   988	24
2008082906  CARQ    0   17.9   77.7  AL0708      GUSTAV   55   993	30
2008082912  CARQ    0   18.3   78.4  AL0708      GUSTAV   55   988	36
2008082918  CARQ    0   18.8   79.2  AL0708      GUSTAV   60   984	42
2008083000  CARQ    0   19.2   80.0  AL0708      GUSTAV   70   975	48
2008083006  CARQ    0   19.7   80.8  AL0708      GUSTAV   85   968	54
2008083012  CARQ    0   20.7   81.6  AL0708      GUSTAV  110   955	60
2008083018  CARQ    0   21.6   82.6  AL0708      GUSTAV  125   943	66
2008083100  CARQ    0   22.7   83.4  AL0708      GUSTAV  125   948	72
2008083106  CARQ    0   23.5   84.4  AL0708      GUSTAV  115   958	78
2008083112  CARQ    0   24.8   85.5  AL0708      GUSTAV  105   960	84
2008083118  CARQ    0   25.9   86.7  AL0708      GUSTAV  100   960	90
2008090100  CARQ    0   26.8   87.7  AL0708      GUSTAV  100   950	96
2008090106  CARQ    0   27.8   88.9  AL0708      GUSTAV  100   954	102
2008090112  CARQ    0   28.8   90.3  AL0708      GUSTAV  100   955	108
2008090118  CARQ    0   29.8   91.4  AL0708      GUSTAV   85   961	114
2008090200  CARQ    0   30.7   92.3  AL0708      GUSTAV   65   972	120
