  -97.1300   25.9700
  -97.2200   25.9500
  -97.2700   25.9700
  -97.2800   25.9300
  -97.3300   25.9300
  -97.3500   25.9200
  -97.3500   25.8500
  -97.3700   25.8300
  -97.4000   25.8700
  -97.4200   25.8500
  -97.4300   25.8500
  -97.4500   25.8800
  -97.5200   25.9000
  -97.5700   25.9500
  -97.5800   25.9700
  -97.6200   26.0000
  -97.6500   26.0300
  -97.7700   26.0300
  -97.7800   26.0500
  -97.8000   26.0500
  -98.0000   26.0500
  -98.0200   26.0700
  -98.0700   26.0300
  -98.0800   26.0500
  -98.0800   26.0700
  -98.1200   26.0700
  -98.1300   26.0700
  -98.1700   26.0700
  -98.2000   26.0500
  -98.2000   26.0800
  -98.3000   26.1200
  -98.3500   26.1500
  -98.3800   26.1500
  -98.3700   26.2000
  -98.4000   26.2000
  -98.4500   26.2300
  -98.4700   26.2000
  -98.5300   26.2500
  -98.5500   26.2300
  -98.5800   26.2500
  -98.6500   26.2300
  -98.7000   26.2700
  -98.7000   26.3000
  -98.7500   26.3000
  -98.7300   26.3200
  -98.8000   26.3700
  -98.8800   26.3700
  -98.9300   26.4000
  -98.9500   26.3800
  -98.9700   26.4000
  -98.9800   26.4000
  -99.0000   26.3800
  -99.0200   26.4000
  -99.0800   26.4000
  -99.1000   26.4200
  -99.0800   26.5000
  -99.1700   26.5500
  -99.1700   26.6200
  -99.2700   26.8500
  -99.3500   26.8800
  -99.3500   26.9200
  -99.3800   26.9300
  -99.3800   27.0000
  -99.4700   27.0500
  -99.4300   27.1000
  -99.4500   27.1300
  -99.4300   27.2200
  -99.4500   27.2700
  -99.4800   27.2700
  -99.4800   27.3000
  -99.5200   27.3000
  -99.4700   27.4000
  -99.4700   27.4800
  -99.5200   27.5000
  -99.5000   27.5700
  -99.5800   27.6300
  -99.6300   27.6300
  -99.6500   27.6500
  -99.7000   27.6700
  -99.7500   27.7200
  -99.7800   27.7300
  -99.8000   27.7700
  -99.8300   27.7800
  -99.8700   27.8000
  -99.8700   27.8500
  -99.8800   27.8700
  -99.8800   27.9000
  -99.9300   27.9300
  -99.9300   27.9800
 -100.0000   28.0000
 -100.0200   28.0700
 -100.0500   28.0800
 -100.0700   28.1500
 -100.1800   28.2000
 -100.2000   28.2300
 -100.2300   28.2500
 -100.2800   28.2800
 -100.2800   28.3200
 -100.3300   28.4000
 -100.3300   28.4300
 -100.3500   28.4800
 -100.3200   28.5000
 -100.3800   28.5300
 -100.4000   28.5700
 -100.4000   28.6000
 -100.4300   28.6200
 -100.4300   28.6300
 -100.4800   28.6800
 -100.5300   28.8300
 -100.5700   28.8300
 -100.5700   28.8700
 -100.6200   28.9200
 -100.6300   29.0000
 -100.6700   29.1200
 -100.7700   29.1700
 -100.7700   29.2300
 -100.8300   29.2800
 -100.8700   29.2800
 -100.9300   29.3500
 -101.0000   29.3800
 -101.0500   29.4700
 -101.1300   29.5000
 -101.1800   29.5300
 -101.2200   29.5300
 -101.2200   29.5800
 -101.2200   29.6200
 -101.2300   29.6200
 -101.3000   29.5800
 -101.3200   29.6200
 -101.3000   29.6500
 -101.3500   29.6700
 -101.4200   29.7500
 -101.4000   29.7700
 -101.4300   29.7700
 -101.4700   29.7800
 -101.5300   29.7700
 -101.5300   29.8000
 -101.5300   29.8200
 -101.5700   29.7700
 -101.6300   29.7700
 -101.7700   29.8000
 -101.8000   29.7800
 -101.8200   29.8200
 -101.8300   29.8000
 -101.8800   29.8000
 -101.9200   29.8000
 -101.9700   29.8200
 -101.9800   29.8000
 -102.0800   29.8000
 -102.1500   29.8200
 -102.1800   29.8500
 -102.2300   29.8500
 -102.2500   29.8700
 -102.2500   29.8700
 -102.3000   29.8800
 -102.3500   29.8500
 -102.3700   29.8000
 -102.3800   29.7700
 -102.5000   29.7800
 -102.5300   29.7500
 -102.5700   29.7700
 -102.5800   29.7500
 -102.6700   29.7500
 -102.6800   29.6700
 -102.7300   29.6300
 -102.7300   29.6000
 -102.7700   29.6000
 -102.7700   29.5500
 -102.8000   29.5200
 -102.8200   29.4500
 -102.8200   29.4000
 -102.8500   29.3500
 -102.8800   29.3500
 -102.8800   29.3200
 -102.9000   29.2500
 -102.8700   29.2200
 -102.9000   29.2200
 -102.9300   29.2000
 -102.9800   29.1800
 -103.0300   29.1000
 -103.0800   29.0800
 -103.0800   29.0500
 -103.1000   29.0700
 -103.1000   29.0000
 -103.1500   28.9800
 -103.3000   29.0000
 -103.3200   29.0000
 -103.3200   29.0200
 -103.3300   29.0200
 -103.3500   29.0300
 -103.3700   29.0200
 -103.4500   29.0700
 -103.4800   29.0700
 -103.5500   29.1500
 -103.6300   29.1500
 -103.7300   29.2000
 -103.7800   29.2300
 -103.7700   29.2500
 -103.7800   29.2700
 -103.8800   29.2800
 -104.0500   29.3300
 -104.1700   29.4200
 -104.2000   29.4700
 -104.2000   29.4800
 -104.2800   29.5200
 -104.3300   29.5300
 -104.4200   29.5700
 -104.5000   29.6300
 -104.5500   29.7200
 -104.5700   29.8000
 -104.6200   29.8200
 -104.6800   29.9500
 -104.6700   29.9700
 -104.7000   30.0500
 -104.6800   30.1200
 -104.6800   30.1800
 -104.7000   30.2300
 -104.7700   30.2800
 -104.7700   30.3200
 -104.8200   30.3500
 -104.8200   30.3800
 -104.8500   30.4000
 -104.8700   30.5000
 -104.9000   30.5700
 -104.9300   30.6200
 -104.9800   30.6200
 -105.0000   30.6800
 -105.0700   30.7000
 -105.2000   30.8000
 -105.2700   30.8000
 -105.2800   30.8200
 -105.3800   30.8700
 -105.4000   30.9000
 -105.4800   30.9500
 -105.5000   30.9700
 -105.5700   31.0200
 -105.6000   31.0800
 -105.7700   31.1800
 -105.8300   31.2500
 -105.9300   31.3300
 -105.9500   31.3700
 -106.0000   31.4000
 -106.1500   31.4300
 -106.2200   31.4800
 -106.3300   31.6800
 -106.3800   31.7500
 -106.4800   31.7500
 -106.5200   31.7800
 -106.5200   31.7800
 -108.2000   31.7800
 -108.2000   31.3300
 -109.0500   31.3300
 -109.0500   31.3300
 -111.0500   31.3300
 -114.8200   32.5000
 -114.7800   32.5500
 -114.8000   32.6200
 -114.7500   32.6500
 -114.7200   32.7200
 -117.1200   32.5300
 -117.1700   32.6500
 -117.2200   32.6800
 -117.2000   32.7000
 -117.1800   32.6800
 -117.1500   32.6200
 -117.1200   32.6200
 -117.1200   32.6500
 -117.1500   32.6800
 -117.2200   32.7300
 -117.2300   32.7000
 -117.2500   32.6700
 -117.2700   32.6800
 -117.2500   32.7700
 -117.2800   32.8300
 -117.2500   32.8800
 -117.2800   33.0000
 -117.2800   33.0000
 -117.3300   33.1200
 -117.4200   33.2500
 -117.5000   33.3500
 -117.6500   33.4500
 -117.7200   33.4800
 -117.7800   33.5500
 -117.8500   33.6000
 -117.9500   33.6300
 -118.1200   33.7700
 -118.2000   33.7700
 -118.2200   33.7800
 -118.2700   33.7700
 -118.2700   33.7300
 -118.2800   33.7200
 -118.3500   33.7500
 -118.4000   33.7500
 -118.4200   33.7800
 -118.3800   33.8300
 -118.3800   33.8500
 -118.4300   33.9300
 -118.5300   34.0500
 -118.7500   34.0300
 -118.7800   34.0300
 -118.8000   34.0200
 -118.9200   34.0500
 -119.0200   34.0800
 -119.1200   34.1200
 -119.1300   34.1200
 -119.1000   34.1200
 -119.1200   34.1200
 -119.2200   34.1700
 -119.2700   34.2800
 -119.3200   34.2800
 -119.4200   34.3500
 -119.5300   34.4200
 -119.6200   34.4200
 -119.6800   34.4200
 -119.7200   34.4000
 -119.7800   34.4200
 -119.8700   34.4200
 -120.0000   34.4700
 -120.1200   34.4800
 -120.3000   34.4700
 -120.4500   34.4500
 -120.5000   34.5300
 -120.5500   34.5700
 -120.6200   34.5700
 -120.6300   34.6200
 -120.5800   34.7000
 -120.6200   34.7700
 -120.6000   34.8500
 -120.6500   34.9300
 -120.6000   35.0500
 -120.6000   35.1000
 -120.6200   35.1300
 -120.7000   35.1800
 -120.7500   35.1700
 -120.8500   35.2200
 -120.8700   35.2500
 -120.8700   35.3000
 -120.8300   35.3700
 -120.8300   35.3300
 -120.8000   35.3500
 -120.8300   35.3700
 -120.8500   35.4300
 -121.0000   35.4700
 -121.1500   35.6500
 -121.2700   35.6700
 -121.3000   35.7300
 -121.3000   35.7700
 -121.4300   35.8800
 -121.4700   36.0000
 -121.5500   36.0300
 -121.6500   36.1800
 -121.8000   36.2500
 -121.8200   36.2800
 -121.8700   36.3000
 -121.8700   36.4000
 -121.9200   36.5200
 -121.9000   36.5300
 -121.9200   36.5700
 -121.9500   36.5800
 -121.9500   36.6000
 -121.9000   36.6500
 -121.8500   36.6200
 -121.8200   36.6300
 -121.7800   36.7500
 -121.7300   36.7300
 -121.7500   36.7500
 -121.7700   36.7700
 -121.7500   36.8200
 -121.8700   36.9700
 -121.9000   36.9800
 -121.9500   36.9500
 -121.9800   36.9700
 -122.0300   36.9500
 -122.0800   36.9700
 -122.1800   37.0200
 -122.2800   37.1200
 -122.3000   37.1200
 -122.3800   37.2200
 -122.3700   37.3300
 -122.4200   37.4800
 -122.4300   37.5000
 -122.4800   37.5200
 -122.4800   37.5200
 -122.5000   37.5800
 -122.4700   37.6500
 -122.4800   37.7800
 -122.4500   37.8200
 -122.3800   37.8200
 -122.3500   37.7800
 -122.3700   37.7500
 -122.3300   37.7300
 -122.3700   37.7200
 -122.3700   37.6500
 -122.3500   37.6200
 -122.3000   37.6000
 -122.2800   37.5800
 -122.2300   37.5800
 -122.2300   37.5500
 -122.1800   37.5300
 -122.1800   37.5200
 -122.1200   37.5000
 -122.0800   37.4700
 -122.0000   37.4700
 -122.0300   37.4800
 -122.0300   37.5000
 -122.0800   37.5200
 -122.1500   37.7000
 -122.1700   37.7200
 -122.2200   37.7200
 -122.2300   37.7300
 -122.2000   37.7500
 -122.3000   37.7800
 -122.3000   37.8300
 -122.2800   37.8300
 -122.3000   37.9000
 -122.3500   37.9200
 -122.4000   37.9700
 -122.3700   37.9700
 -122.3500   38.0200
 -122.2800   38.0200
 -122.2200   38.0700
 -122.1300   38.0300
 -122.0200   38.0700
 -121.6800   38.0200
 -121.6700   38.0200
 -121.7000   38.0300
 -121.6700   38.0500
 -121.6500   38.0800
 -121.6000   38.1000
 -121.5200   38.0500
 -121.4800   38.0500
 -121.4300   38.0000
 -121.4200   38.0200
 -121.5800   38.1200
 -121.6500   38.1000
 -121.6800   38.0700
 -121.7200   38.0500
 -121.7500   38.0500
 -121.7700   38.0700
 -121.7000   38.1000
 -121.6700   38.1500
 -121.7500   38.0800
 -121.8500   38.0800
 -121.9000   38.0700
 -121.8800   38.0800
 -121.9800   38.1000
 -121.9700   38.1500
 -122.0000   38.1500
 -122.0300   38.1300
 -122.0500   38.1000
 -122.1300   38.0500
 -122.1700   38.0700
 -122.2300   38.0800
 -122.2800   38.1200
 -122.3800   38.1700
 -122.4000   38.1300
 -122.4800   38.1200
 -122.4700   38.0800
 -122.4800   38.0200
 -122.4300   38.0000
 -122.4300   37.9800
 -122.4700   37.9700
 -122.4700   37.9500
 -122.4800   37.9300
 -122.4200   37.8800
 -122.4500   37.8800
 -122.4700   37.9000
 -122.4700   37.8800
 -122.4500   37.8300
 -122.4800   37.8300
 -122.6300   37.9200
 -122.6500   37.9300
 -122.6500   37.9200
 -122.6800   37.9000
 -122.7500   37.9700
 -122.7800   38.0000
 -122.9000   38.0500
 -122.9200   38.0800
 -122.9300   38.0700
 -122.9200   38.0500
 -122.9500   38.0200
 -122.9500   38.0000
 -123.0000   38.0000
 -122.9500   38.0500
 -122.9300   38.1500
 -122.9300   38.2000
 -122.9700   38.2300
 -122.9000   38.1800
 -122.8300   38.1000
 -122.8000   38.0800
 -122.8300   38.1200
 -122.9300   38.2500
 -122.9700   38.3000
 -123.0300   38.3300
 -123.0300   38.3200
 -123.0500   38.3200
 -123.0500   38.3700
 -123.1000   38.4700
 -123.3200   38.5700
 -123.4000   38.6500
 -123.4500   38.7300
 -123.5000   38.7500
 -123.7000   38.9300
 -123.7200   38.9700
 -123.6700   39.0200
 -123.6800   39.1200
 -123.7200   39.1800
 -123.7500   39.2200
 -123.8000   39.3700
 -123.7800   39.4800
 -123.7300   39.5700
 -123.7700   39.6200
 -123.7700   39.7000
 -123.8200   39.7700
 -123.8200   39.8300
 -123.9500   39.9800
 -124.0200   40.0200
 -124.0500   40.0300
 -124.0700   40.1000
 -124.3200   40.2500
 -124.3200   40.3300
 -124.3800   40.4500
 -124.3300   40.5800
 -124.2800   40.6500
 -124.2700   40.7200
 -124.2200   40.7700
 -124.2500   40.7200
 -124.2200   40.7000
 -124.1800   40.7200
 -124.2000   40.7500
 -124.1700   40.8000
 -124.0800   40.8200
 -124.0700   40.8500
 -124.1300   40.8500
 -124.2000   40.7800
 -124.1500   40.8700
 -124.1000   40.9800
 -124.1000   41.0300
 -124.1300   41.0800
 -124.1300   41.1500
 -124.1000   41.2200
 -124.0300   41.4200
 -124.0700   41.5300
 -124.0500   41.5500
 -124.0800   41.5700
 -124.1200   41.7000
 -124.1500   41.7500
 -124.2500   41.7800
 -124.1800   41.8700
 -124.1700   41.9500
 -124.1800   42.0000
 -124.1800   42.0000
 -124.3300   42.1200
 -124.3700   42.2200
 -124.4000   42.2700
 -124.4000   42.3000
 -124.4300   42.3300
 -124.4000   42.3800
 -124.4200   42.4800
 -124.3800   42.5500
 -124.3800   42.6700
 -124.4300   42.7000
 -124.4700   42.7500
 -124.5000   42.7500
 -124.5000   42.8200
 -124.5500   42.8500
 -124.4300   43.0300
 -124.3700   43.3500
 -124.3200   43.3500
 -124.3200   43.3200
 -124.3000   43.3000
 -124.3000   43.3300
 -124.2700   43.3500
 -124.3000   43.3700
 -124.2500   43.4200
 -124.2200   43.4300
 -124.2000   43.3800
 -124.1300   43.3700
 -124.2000   43.4500
 -124.1800   43.4800
 -124.3200   43.3800
 -124.2200   43.5700
 -124.1800   43.6700
 -124.1500   43.7000
 -124.1200   43.7300
 -124.1000   43.7200
 -124.0700   43.7200
 -124.1200   43.7500
 -124.1500   43.7500
 -124.1500   43.7000
 -124.1800   43.7000
 -124.1200   44.0000
 -124.1000   44.0000
 -124.1200   44.0700
 -124.1000   44.1800
 -124.1000   44.3300
 -124.0700   44.4300
 -124.0000   44.4200
 -124.0200   44.4500
 -124.0700   44.4700
 -124.0500   44.6200
 -124.0000   44.6200
 -124.0000   44.6500
 -124.0300   44.6500
 -124.0500   44.6800
 -124.0300   44.7300
 -124.0500   44.8300
 -124.0200   44.9200
 -124.0000   44.9200
 -124.0000   45.0700
 -123.9500   45.1800
 -123.9500   45.2200
 -123.9300   45.2800
 -123.9500   45.3300
 -123.9800   45.3500
 -123.9500   45.3700
 -123.9300   45.4300
 -123.9300   45.4000
 -123.9000   45.4200
 -123.9500   45.4700
 -123.9500   45.5000
 -123.9300   45.5200
 -123.9000   45.5200
 -123.8700   45.4800
 -123.8300   45.5200
 -123.8700   45.5300
 -123.8800   45.5800
 -123.9200   45.5800
 -123.9300   45.6000
 -123.9000   45.6800
 -123.8500   45.7200
 -123.9000   45.7200
 -123.9200   45.6800
 -123.9200   45.7200
 -123.9500   45.7700
 -123.9700   45.7800
 -123.9500   45.8200
 -123.9300   45.8800
 -123.9700   45.9500
 -123.9200   45.9800
 -123.9200   46.0300
 -123.9300   46.1300
 -123.9800   46.2300
 -123.8500   46.1700
 -123.8000   46.1700
 -123.8000   46.1300
 -123.7800   46.1200
 -123.7700   46.1500
 -123.8300   46.2000
 -123.7700   46.2200
 -123.7200   46.1800
 -123.5800   46.2000
 -123.6000   46.2200
 -123.5500   46.2200
 -123.5000   46.2500
 -123.4700   46.2500
 -123.4300   46.2200
 -123.4000   46.1700
 -123.2700   46.1500
 -123.2000   46.1700
 -123.1700   46.2000
 -123.2700   46.1700
 -123.3200   46.2000
 -123.3800   46.2300
 -123.4300   46.2800
 -123.5700   46.2700
 -123.6500   46.2800
 -123.6800   46.3200
 -123.7000   46.3000
 -123.7500   46.2800
 -123.7800   46.3000
 -123.8500   46.2700
 -123.9000   46.2700
 -123.9800   46.3300
 -124.0200   46.3200
 -124.0200   46.2800
 -124.0700   46.2800
 -124.0700   46.2800
 -124.0300   46.3500
 -124.0500   46.6500
 -124.0200   46.6500
 -124.0300   46.6300
 -124.0000   46.5800
 -124.0200   46.5000
 -123.9800   46.4000
 -123.9300   46.4000
 -123.9200   46.4500
 -123.8300   46.4200
 -123.8300   46.4300
 -123.8800   46.4500
 -123.9200   46.5000
 -123.8800   46.5300
 -123.8800   46.5700
 -123.9300   46.6300
 -123.8800   46.6200
 -123.9200   46.6500
 -123.9000   46.6800
 -123.8300   46.7200
 -123.7800   46.6700
 -123.7500   46.7000
 -123.7800   46.7000
 -123.8700   46.7500
 -123.9200   46.7300
 -123.9500   46.7500
 -123.9500   46.7200
 -124.0700   46.7500
 -124.1200   46.9200
 -124.1000   46.9300
 -124.0800   46.9200
 -124.0700   46.8700
 -124.0200   46.8500
 -124.0000   46.8500
 -124.0200   46.8800
 -124.0300   46.8800
 -124.0300   46.9000
 -123.8000   46.9800
 -123.9200   46.9800
 -123.9200   47.0000
 -123.9700   46.9800
 -124.0200   47.0500
 -124.0700   47.0700
 -124.1000   47.0700
 -124.1300   47.0300
 -124.1200   46.9700
 -124.1500   46.9300
 -124.1500   46.9800
 -124.1500   47.0700
 -124.1800   47.2200
 -124.2300   47.3200
 -124.2700   47.3300
 -124.2500   47.3700
 -124.3000   47.3700
 -124.3500   47.6700
 -124.4000   47.7500
 -124.4300   47.7700
 -124.4700   47.8300
 -124.5000   47.8500
 -124.5500   47.8800
 -124.5800   47.8800
 -124.6500   48.0000
 -124.6800   48.1200
 -124.7200   48.1700
 -124.6700   48.2200
 -124.6800   48.2500
 -124.6500   48.3300
 -124.7000   48.3700
 -124.7200   48.4000
 -124.5700   48.3800
 -124.4000   48.3000
 -124.1500   48.2500
 -124.0300   48.2000
 -123.9300   48.1800
 -123.7800   48.1700
 -123.7000   48.1700
 -123.6200   48.1500
 -123.4800   48.1500
 -123.4200   48.1500
 -123.4200   48.1300
 -123.3500   48.1300
 -123.2300   48.1300
 -123.1000   48.2000
 -123.1500   48.1700
 -123.0800   48.1500
 -123.0300   48.1200
 -123.0200   48.0700
 -123.0000   48.0500
 -122.9800   48.0700
 -123.0000   48.1000
 -122.9500   48.1200
 -122.9200   48.1000
 -122.9000   48.0800
 -122.8700   48.0700
 -122.8300   48.0300
 -122.8700   48.0200
 -122.8500   48.0000
 -122.8200   48.0500
 -122.8700   48.1000
 -122.8700   48.1200
 -122.8300   48.1500
 -122.7500   48.1700
 -122.7300   48.1300
 -122.7800   48.1200
 -122.7800   48.0800
 -122.6700   47.9800
 -122.6700   47.9500
 -122.6000   47.9000
 -122.6700   47.8800
 -122.6700   47.8500
 -122.7200   47.8200
 -122.7800   47.7000
 -122.8200   47.7200
 -122.7800   47.8200
 -122.8000   47.8700
 -122.8200   47.8000
 -122.8500   47.8300
 -122.8300   47.7700
 -122.8700   47.7300
 -122.9000   47.6700
 -122.9700   47.6200
 -123.0500   47.5200
 -123.1000   47.4700
 -123.1500   47.3700
 -123.1000   47.3500
 -123.0000   47.3700
 -122.8300   47.4500
 -122.8300   47.4500
 -122.8700   47.4500
 -123.0200   47.3800
 -123.1000   47.4000
 -123.0200   47.5200
 -122.9300   47.6200
 -122.9000   47.6300
 -122.7500   47.6800
 -122.7200   47.7500
 -122.6200   47.8700
 -122.5800   47.8500
 -122.5700   47.8300
 -122.5500   47.8300
 -122.5700   47.9300
 -122.6000   47.9500
 -122.5200   47.9200
 -122.4800   47.8200
 -122.4800   47.8000
 -122.4500   47.7700
 -122.4800   47.7500
 -122.5300   47.7700
 -122.5800   47.7200
 -122.6500   47.7500
 -122.6000   47.7000
 -122.5800   47.5800
 -122.6700   47.6700
 -122.6800   47.6500
 -122.6700   47.6000
 -122.6200   47.5800
 -122.6700   47.5500
 -122.6000   47.5700
 -122.5300   47.6000
 -122.5300   47.5500
 -122.4800   47.5300
 -122.5500   47.4300
 -122.5300   47.3700
 -122.5700   47.3500
 -122.5300   47.3000
 -122.5700   47.2800
 -122.6700   47.3200
 -122.6700   47.3300
 -122.6200   47.3800
 -122.6200   47.4200
 -122.6300   47.4000
 -122.7200   47.3500
 -122.7500   47.3000
 -122.7200   47.2500
 -122.7300   47.2300
 -122.7300   47.2200
 -122.7500   47.1800
 -122.7800   47.2200
 -122.8200   47.2700
 -122.7700   47.3200
 -122.8000   47.4200
 -122.8300   47.3300
 -122.9200   47.3000
 -122.9300   47.2000
 -122.9700   47.1800
 -123.0700   47.1500
 -123.0000   47.1500
 -123.0700   47.1200
 -123.0200   47.1300
 -122.9200   47.2000
 -122.9200   47.1800
 -122.9500   47.1200
 -122.9800   47.1000
 -122.9500   47.1200
 -122.9200   47.1500
 -122.9000   47.0700
 -122.8800   47.0700
 -122.8800   47.1000
 -122.8800   47.1500
 -122.8300   47.1800
 -122.8500   47.1500
 -122.8000   47.1500
 -122.8000   47.1800
 -122.7200   47.1000
 -122.6800   47.1200
 -122.5700   47.2000
 -122.5200   47.2800
 -122.5200   47.3300
 -122.4200   47.2800
 -122.3800   47.3000
 -122.4200   47.3300
 -122.3200   47.3700
 -122.3200   47.4000
 -122.3500   47.4700
 -122.3500   47.5000
 -122.4000   47.6000
 -122.3700   47.6200
 -122.3300   47.5800
 -122.3300   47.5800
 -122.3300   47.6200
 -122.4200   47.6700
 -122.3500   47.7300
 -122.3800   47.7800
 -122.3700   47.8300
 -122.3200   47.8800
 -122.2800   47.9700
 -122.2200   47.9800
 -122.1800   48.0200
 -122.2000   48.0300
 -122.2300   48.0300
 -122.2700   48.0300
 -122.3300   48.0800
 -122.3800   48.2200
 -122.4300   48.2300
 -122.4500   48.2200
 -122.4700   48.1700
 -122.4500   48.1300
 -122.3800   48.1000
 -122.3500   48.0500
 -122.3800   48.0500
 -122.4500   48.1200
 -122.5000   48.1200
 -122.5300   48.1800
 -122.5200   48.2300
 -122.5000   48.2500
 -122.4300   48.2500
 -122.3800   48.2300
 -122.3800   48.3000
 -122.5000   48.3700
 -122.5300   48.3700
 -122.5700   48.4000
 -122.5700   48.4300
 -122.6300   48.4000
 -122.6800   48.4200
 -122.6700   48.4700
 -122.7000   48.5000
 -122.6200   48.5200
 -122.5800   48.4500
 -122.5700   48.4800
 -122.5300   48.4500
 -122.4800   48.4500
 -122.4800   48.5300
 -122.5700   48.5800
 -122.5200   48.5800
 -122.4700   48.5500
 -122.4500   48.5500
 -122.4300   48.6000
 -122.5200   48.7000
 -122.5000   48.7300
 -122.5200   48.7500
 -122.5800   48.7800
 -122.6000   48.7500
 -122.6300   48.7200
 -122.6700   48.7200
 -122.6500   48.7700
 -122.6800   48.8000
 -122.7000   48.7800
 -122.7000   48.8200
 -122.7700   48.8700
 -122.7500   48.9200
 -122.7700   48.9300
 -122.8000   48.9300
 -122.8200   48.9300
 -122.7700   48.9700
 -122.7300   48.9500
 -122.7500   48.9800
 -122.7300   49.0000
 -121.3700   49.0000
 -119.9300   49.0000
 -118.4000   49.0000
 -117.0300   49.0000
 -116.0300   49.0000
 -114.5000   49.0000
 -113.1300   49.0000
 -111.8000   49.0000
 -110.2000   49.0000
 -108.5300   49.0000
 -106.9300   49.0000
 -105.5700   49.0000
 -104.0000   49.0000
 -104.0000   49.0000
 -102.3000   49.0000
 -100.6000   49.0000
  -98.9000   49.0000
  -97.2000   49.0000
  -97.2000   49.0000
  -95.1500   49.0000
  -95.1500   49.3800
  -95.0800   49.3700
  -94.9300   49.3700
  -94.8200   49.3200
  -94.8000   49.1700
  -94.7200   48.9700
  -94.7000   48.8800
  -94.7000   48.7800
  -94.6500   48.7500
  -94.5800   48.7200
  -94.4800   48.7000
  -94.4000   48.7200
  -94.3000   48.7000
  -94.2700   48.7000
  -94.2300   48.6500
  -93.8500   48.6300
  -93.8300   48.6200
  -93.8000   48.5200
  -93.7800   48.5200
  -93.6500   48.5200
  -93.4800   48.5300
  -93.4500   48.5700
  -93.4500   48.6000
  -93.2500   48.6300
  -93.1200   48.6200
  -92.9500   48.6200
  -92.8700   48.5800
  -92.7200   48.5300
  -92.6300   48.5300
  -92.6200   48.5000
  -92.7000   48.4800
  -92.7000   48.4500
  -92.6500   48.4300
  -92.5000   48.4500
  -92.4500   48.4000
  -92.4500   48.3200
  -92.3500   48.2300
  -92.2800   48.2500
  -92.3000   48.3000
  -92.2700   48.3300
  -92.1300   48.3500
  -92.0500   48.3500
  -91.9800   48.2500
  -91.9300   48.2300
  -91.8800   48.2300
  -91.8500   48.2000
  -91.7300   48.2000
  -91.6800   48.1500
  -91.7000   48.1200
  -91.7000   48.1000
  -91.5800   48.1000
  -91.5800   48.0500
  -91.5700   48.0500
  -91.4500   48.0500
  -91.4200   48.0300
  -91.4000   48.0500
  -91.2500   48.0800
  -91.1300   48.1500
  -90.9300   48.2300
  -90.8700   48.2300
  -90.8300   48.2300
  -90.8300   48.1800
  -90.7800   48.1700
  -90.7800   48.1200
  -90.7500   48.0800
  -90.5800   48.1200
  -90.5500   48.0800
  -90.4800   48.1000
  -90.4700   48.1000
  -90.4000   48.1000
  -90.1500   48.1200
  -90.0700   48.1000
  -90.0500   48.0800
  -90.0000   48.0200
  -89.9000   47.9800
  -89.7700   48.0300
  -89.7000   48.0200
  -89.5800   48.0000
  -89.5800   48.0000
  -89.4300   48.0000
  -89.3500   47.9800
  -89.3000   48.0000
  -88.6800   48.2500
  -88.3700   48.3200
  -87.5200   47.9800
  -84.8500   46.9000
  -84.7700   46.6500
  -84.5700   46.4700
  -84.4700   46.4700
  -84.4200   46.5000
  -84.2800   46.5000
  -84.2000   46.5500
  -84.1300   46.5300
  -84.1200   46.5200
  -84.1700   46.4000
  -84.1200   46.3500
  -84.1000   46.2500
  -83.9700   46.0700
  -83.9300   46.0700
  -83.8300   46.1300
  -83.7800   46.1200
  -83.6300   46.1200
  -83.5300   46.0700
  -83.4500   46.0200
  -83.6000   45.8300
  -82.5500   45.3500
  -82.1300   43.5800
  -82.4200   43.0200
  -82.4200   43.0200
  -82.4200   42.9700
  -82.4700   42.9000
  -82.4800   42.8200
  -82.4700   42.7700
  -82.5200   42.6200
  -82.5800   42.5700
  -82.6500   42.5500
  -82.6500   42.5500
  -82.8000   42.4200
  -83.0800   42.3000
  -83.1300   42.2200
  -83.1300   42.1200
  -83.1700   42.0500
  -83.0700   41.8700
  -82.7000   41.6800
  -82.4000   41.6800
  -81.2500   42.2200
  -80.1000   42.4000
  -78.9800   42.8200
  -78.9300   42.8500
  -78.9200   42.9200
  -79.0700   43.1000
  -79.0500   43.1700
  -79.0700   43.2700
  -79.0700   43.2700
  -79.1800   43.4700
  -78.7000   43.6300
  -76.8000   43.6300
  -76.4300   44.1000
  -76.0500   44.3500
  -75.8700   44.4000
  -75.8000   44.4800
  -75.8000   44.4800
  -75.6300   44.6200
  -75.3200   44.8300
  -75.0700   44.9300
  -74.9800   44.9800
  -74.9200   44.9800
  -74.8300   45.0200
  -74.7500   45.0000
  -74.2500   45.0000
  -73.3500   45.0200
  -71.5000   45.0200
  -71.5000   45.0800
  -71.4300   45.1200
  -71.4000   45.2000
  -71.4300   45.2500
  -71.3800   45.2500
  -71.3500   45.2800
  -71.2800   45.3000
  -71.1800   45.2500
  -71.1300   45.2500
  -71.1200   45.2800
  -71.0800   45.3000
  -71.1000   45.3000
  -71.0300   45.3200
  -71.0200   45.3500
  -70.9700   45.3500
  -70.9200   45.3000
  -70.8800   45.2300
  -70.8300   45.3000
  -70.8200   45.3200
  -70.8200   45.4200
  -70.8000   45.4300
  -70.7300   45.4300
  -70.6800   45.4000
  -70.6500   45.4000
  -70.6300   45.4300
  -70.7200   45.5000
  -70.7000   45.5700
  -70.5700   45.6700
  -70.4700   45.7200
  -70.4200   45.7200
  -70.3800   45.7500
  -70.4000   45.8200
  -70.2500   45.9200
  -70.2300   45.9500
  -70.3200   45.9800
  -70.3000   46.0300
  -70.2800   46.0700
  -70.3000   46.0800
  -70.2500   46.1000
  -70.2300   46.1500
  -70.2800   46.2000
  -70.2300   46.2800
  -70.2000   46.3200
  -70.2000   46.3500
  -70.1500   46.3700
  -70.0500   46.4300
  -70.0200   46.7000
  -69.2300   47.4700
  -69.0500   47.4300
  -69.0500   47.2700
  -68.9000   47.1800
  -68.7500   47.2300
  -68.6500   47.2500
  -68.5700   47.2800
  -68.5000   47.3000
  -68.4300   47.2800
  -68.3800   47.3000
  -68.3800   47.3300
  -68.3200   47.3700
  -68.1800   47.3300
  -68.1500   47.3000
  -67.9700   47.2000
  -67.8800   47.1200
  -67.8000   47.0700
  -67.7700   45.9500
  -67.7500   45.9300
  -67.7800   45.8800
  -67.7500   45.8300
  -67.8000   45.7800
  -67.8000   45.7000
  -67.7300   45.6700
  -67.7200   45.6800
  -67.6500   45.6300
  -67.5200   45.6000
  -67.4700   45.6200
  -67.4200   45.5800
  -67.4200   45.5300
  -67.4800   45.5000
  -67.4700   45.4300
  -67.4200   45.4000
  -67.4700   45.2700
  -67.4000   45.2000
  -67.3300   45.1500
  -67.3000   45.1700
  -67.2700   45.2000
  -67.2000   45.1800
  -67.2000   45.1800
  -67.2000   45.1700
  -67.1700   45.1700
  -67.1000   45.0800
  -67.1000   45.0700
  -67.0300   44.9800
  -67.0700   44.9300
  -67.1000   44.9700
  -67.1200   44.9500
  -67.1000   44.9200
  -67.1200   44.9000
  -67.1800   44.9300
  -67.2000   44.9200
  -67.1500   44.8800
  -67.1300   44.8300
  -67.1300   44.8800
  -67.1000   44.8700
  -67.1000   44.9000
  -67.0500   44.8700
  -67.0700   44.8300
  -67.0300   44.8500
  -67.0500   44.9200
  -67.0000   44.8700
  -66.9800   44.8700
  -66.9700   44.8300
  -67.0300   44.7800
  -67.0700   44.7800
  -67.0700   44.7700
  -67.1000   44.7500
  -67.1000   44.7200
  -67.2000   44.6700
  -67.1800   44.6700
  -67.2300   44.6700
  -67.2500   44.6800
  -67.2700   44.6700
  -67.2500   44.6500
  -67.2700   44.6500
  -67.3200   44.6700
  -67.3000   44.7200
  -67.3500   44.7200
  -67.3500   44.7000
  -67.3800   44.7200
  -67.3800   44.7000
  -67.3700   44.6800
  -67.3700   44.6500
  -67.3500   44.6300
  -67.3800   44.6300
  -67.4000   44.6200
  -67.4300   44.6800
  -67.4500   44.6800
  -67.4300   44.6200
  -67.5000   44.6200
  -67.5000   44.6500
  -67.5200   44.6300
  -67.5300   44.6700
  -67.5500   44.6700
  -67.5500   44.6500
  -67.5800   44.6300
  -67.5500   44.6300
  -67.5700   44.5500
  -67.6300   44.5500
  -67.6300   44.5700
  -67.6500   44.5800
  -67.6800   44.5500
  -67.7000   44.5200
  -67.7300   44.5200
  -67.7300   44.6200
  -67.7700   44.5500
  -67.8000   44.5500
  -67.7700   44.6000
  -67.7800   44.6200
  -67.8000   44.5800
  -67.8300   44.6000
  -67.8500   44.5500
  -67.8700   44.5700
  -67.8300   44.5000
  -67.8800   44.5000
  -67.9000   44.4200
  -67.9200   44.4300
  -67.9000   44.5000
  -67.9200   44.5000
  -67.9300   44.4300
  -67.9500   44.4300
  -67.9700   44.5200
  -67.9800   44.4800
  -68.0200   44.4800
  -68.0200   44.4700
  -67.9800   44.4500
  -67.9700   44.4200
  -67.9800   44.4000
  -68.0200   44.4200
  -68.0200   44.4000
  -68.0500   44.3500
  -68.0700   44.3700
  -68.0700   44.3800
  -68.0800   44.4000
  -68.1000   44.4200
  -68.1000   44.4700
  -68.1000   44.4800
  -68.1500   44.5200
  -68.1500   44.4700
  -68.1800   44.4800
  -68.1800   44.5300
  -68.2000   44.5300
  -68.2200   44.4800
  -68.2500   44.5000
  -68.2500   44.5300
  -68.3000   44.5300
  -68.3000   44.5200
  -68.2700   44.5200
  -68.2700   44.4700
  -68.3500   44.4700
  -68.3800   44.4300
  -68.3800   44.4200
  -68.4200   44.4200
  -68.4200   44.5000
  -68.4700   44.5000
  -68.4500   44.4800
  -68.4500   44.4000
  -68.4700   44.4000
  -68.4700   44.4500
  -68.5200   44.4200
  -68.5700   44.4300
  -68.5300   44.3800
  -68.5500   44.3200
  -68.5200   44.3200
  -68.5200   44.2800
  -68.5300   44.2800
  -68.5200   44.2700
  -68.5200   44.2500
  -68.6200   44.3000
  -68.6800   44.3200
  -68.7300   44.3700
  -68.7800   44.3300
  -68.8200   44.3300
  -68.7800   44.3800
  -68.7500   44.3800
  -68.7500   44.4000
  -68.7500   44.4200
  -68.6800   44.4200
  -68.7200   44.4500
  -68.7200   44.4500
  -68.7500   44.4500
  -68.8000   44.4000
  -68.8000   44.4300
  -68.7300   44.5700
  -68.8000   44.5800
  -68.8200   44.4800
  -68.8300   44.4700
  -68.8500   44.4700
  -68.8500   44.5000
  -68.8800   44.4800
  -68.9200   44.4500
  -68.9800   44.4300
  -68.9300   44.3500
  -69.0000   44.3000
  -69.0500   44.2200
  -69.0800   44.1000
  -69.0500   44.1000
  -69.0700   44.0700
  -69.1200   44.0500
  -69.1200   44.0200
  -69.1800   44.0000
  -69.2000   43.9800
  -69.1800   43.9700
  -69.2500   43.9300
  -69.2700   43.9700
  -69.2200   44.0200
  -69.2300   44.0200
  -69.3000   43.9500
  -69.3000   44.0000
  -69.3700   43.9800
  -69.3300   44.0200
  -69.3700   44.0300
  -69.3500   44.0700
  -69.3700   44.0700
  -69.3700   44.0500
  -69.4000   44.0500
  -69.3800   44.0200
  -69.4000   44.0000
  -69.4200   44.0000
  -69.5000   43.8500
  -69.5300   43.9200
  -69.5500   43.8500
  -69.5700   43.9000
  -69.5500   43.9300
  -69.5700   43.9700
  -69.5200   44.0200
  -69.5300   44.0300
  -69.5500   44.0200
  -69.5800   43.9700
  -69.5800   43.9000
  -69.5700   43.8500
  -69.5800   43.8300
  -69.5800   43.8700
  -69.6000   43.8500
  -69.6700   43.8800
  -69.6500   43.9300
  -69.6200   43.9300
  -69.6500   43.9500
  -69.6300   44.0000
  -69.6000   44.0300
  -69.6300   44.0300
  -69.6700   44.0200
  -69.7500   43.9200
  -69.7500   43.8800
  -69.7200   43.8800
  -69.7300   43.8300
  -69.7000   43.8700
  -69.7000   43.8500
  -69.7200   43.7800
  -69.7500   43.7700
  -69.8000   43.9800
  -69.7800   44.0300
  -69.7700   44.0700
  -69.7700   44.0800
  -69.7800   44.0700
  -69.8700   44.0000
  -69.8700   43.9700
  -69.8200   43.9800
  -69.7700   43.7500
  -69.8200   43.7200
  -69.8300   43.7500
  -69.8500   43.7700
  -69.8500   43.8000
  -69.8300   43.8500
  -69.8500   43.8500
  -69.8500   43.8800
  -69.8700   43.8800
  -69.9000   43.8700
  -69.8700   43.8500
  -69.8800   43.8000
  -69.9000   43.8000
  -69.9000   43.8000
  -69.9000   43.8200
  -69.9200   43.8000
  -69.9800   43.7300
  -69.9200   43.8500
  -69.9300   43.8700
  -69.9300   43.8500
  -70.0000   43.7500
  -70.0200   43.7700
  -69.9500   43.8700
  -69.9800   43.8500
  -70.0000   43.8300
  -69.9800   43.8700
  -69.9800   43.8800
  -70.0300   43.8300
  -70.0800   43.8300
  -70.1700   43.7800
  -70.1800   43.7500
  -70.2300   43.7200
  -70.2300   43.6700
  -70.2800   43.6700
  -70.2700   43.6500
  -70.2000   43.6500
  -70.1800   43.5800
  -70.2500   43.5700
  -70.2500   43.5800
  -70.2700   43.5700
  -70.3000   43.5300
  -70.3000   43.5700
  -70.3300   43.5700
  -70.3700   43.5000
  -70.3500   43.4700
  -70.3200   43.4800
  -70.3200   43.4700
  -70.4500   43.3700
  -70.5200   43.3500
  -70.5800   43.2700
  -70.5700   43.2200
  -70.6000   43.2000
  -70.5800   43.1800
  -70.6200   43.1700
  -70.6700   43.0800
  -70.7300   43.1200
  -70.7500   43.0700
  -70.7300   43.0800
  -70.7500   43.0500
  -70.7000   43.0500
  -70.7800   42.9300
  -70.8200   42.8700
  -70.8200   42.8800
  -70.8200   42.8800
  -70.8200   42.8500
  -70.7800   42.7200
  -70.7200   42.6700
  -70.6800   42.6700
  -70.6500   42.6800
  -70.6200   42.6800
  -70.6200   42.6700
  -70.6000   42.6300
  -70.5300   42.6200
  -70.5200   42.6200
  -70.5200   42.5800
  -70.6500   42.5800
  -70.7500   42.5700
  -70.7800   42.5200
  -70.7800   42.4800
  -70.8500   42.4500
  -70.9200   42.4200
  -70.9200   42.3700
  -70.8800   42.3300
  -70.8800   42.3000
  -70.8700   42.2700
  -70.7700   42.2300
  -70.6700   42.2200
  -70.6200   42.1700
  -70.6000   42.1200
  -70.6000   42.0300
  -70.6300   41.9800
  -70.6300   41.9700
  -70.5700   41.9300
  -70.4800   41.9200
  -70.5200   41.8300
  -70.4800   41.7700
  -70.3500   41.7300
  -70.2000   41.7300
  -70.0800   41.7700
  -69.9800   41.8200
  -70.0000   41.9000
  -70.0700   41.9500
  -70.0800   42.0300
  -70.1700   42.0500
  -70.1500   42.0300
  -70.1800   42.0200
  -70.2300   42.0300
  -70.1200   42.0700
  -70.1000   42.0700
  -70.0300   42.0300
  -69.9800   41.9700
  -69.9300   41.9000
  -69.9200   41.8300
  -69.9000   41.7300
  -69.9200   41.6500
  -69.9800   41.5300
  -69.9500   41.6300
  -69.9300   41.6700
  -70.0300   41.6700
  -70.1700   41.6300
  -70.3300   41.6000
  -70.4500   41.5800
  -70.7300   41.5800
  -70.8200   41.6000
  -70.9200   41.5500
  -71.0300   41.5300
  -71.0500   41.5700
  -71.0700   41.5300
  -71.1000   41.5500
  -71.1000   41.5300
  -71.1000   41.5200
  -71.1300   41.5000
  -71.1200   41.5200
  -71.1800   41.4700
  -71.2000   41.5000
  -71.2000   41.6300
  -71.1200   41.8000
  -71.1800   41.7200
  -71.2200   41.7200
  -71.2300   41.7000
  -71.2300   41.6700
  -71.2700   41.6500
  -71.3200   41.6700
  -71.2800   41.7500
  -71.3000   41.7200
  -71.3500   41.7500
  -71.3800   41.8200
  -71.4000   41.8000
  -71.3800   41.7300
  -71.3700   41.7000
  -71.3800   41.6700
  -71.4000   41.7000
  -71.4500   41.6800
  -71.4200   41.6500
  -71.4200   41.6000
  -71.4500   41.5700
  -71.4200   41.5300
  -71.4200   41.4800
  -71.4800   41.3700
  -71.5500   41.3800
  -71.6500   41.3500
  -71.7200   41.3300
  -71.8500   41.3200
  -71.8300   41.3200
  -71.8800   41.3200
  -71.8700   41.3300
  -71.8800   41.3300
  -71.9700   41.3500
  -72.0000   41.3200
  -72.0300   41.3200
  -72.0800   41.3500
  -72.1200   41.3000
  -72.2000   41.3200
  -72.2000   41.3000
  -72.2200   41.3200
  -72.2500   41.2800
  -72.3000   41.2800
  -72.3500   41.3000
  -72.3500   41.3200
  -72.3300   41.3500
  -72.3800   41.3700
  -72.3800   41.3500
  -72.3500   41.3200
  -72.3500   41.2800
  -72.4700   41.2800
  -72.5200   41.2500
  -72.5300   41.2700
  -72.5300   41.2500
  -72.5700   41.2700
  -72.6200   41.2800
  -72.6800   41.2500
  -72.7700   41.2700
  -72.8000   41.2500
  -72.8800   41.2500
  -72.9200   41.3000
  -73.0000   41.2200
  -73.0500   41.2200
  -73.1000   41.1700
  -73.1500   41.1500
  -73.1500   41.1700
  -73.1700   41.1800
  -73.1800   41.1700
  -73.2200   41.1700
  -73.2500   41.1300
  -73.3700   41.1200
  -73.4700   41.0500
  -73.5000   41.0500
  -73.5200   41.0300
  -73.5800   41.0200
  -73.6000   41.0200
  -73.6500   41.0000
  -73.6300   41.0200
  -73.6700   40.9500
  -73.7200   40.9500
  -73.7800   40.8700
  -73.8200   40.8700
  -73.8000   40.8200
  -73.9200   40.8000
  -73.9800   40.7200
  -74.0000   40.7200
  -74.0000   40.7500
  -73.9200   40.8700
  -73.8800   41.0200
  -73.8700   41.0700
  -73.8800   41.1800
  -73.9500   41.2500
  -73.9300   41.3000
  -73.9500   41.3200
  -73.9800   41.2700
  -73.9700   41.2000
  -73.9200   41.1700
  -73.9000   41.0200
  -73.9000   40.9700
  -73.9500   40.8700
  -74.0000   40.7800
  -74.0200   40.7200
  -74.1200   40.6700
  -74.1300   40.6700
  -74.1000   40.7200
  -74.1300   40.7000
  -74.2000   40.6500
  -74.2200   40.5800
  -74.2500   40.5500
  -74.2500   40.5200
  -74.2500   40.5000
  -74.2700   40.4700
  -74.2500   40.4500
  -74.2000   40.4300
  -74.1000   40.4500
  -73.9800   40.4000
  -74.0000   40.4700
  -73.9800   40.4500
  -73.9500   40.4000
  -73.9500   40.2800
  -74.0300   40.0800
  -74.0200   40.0800
  -74.0200   40.0500
  -74.0800   39.7800
  -74.0800   39.7800
  -74.0800   39.8800
  -74.0500   39.9700
  -74.0500   40.0500
  -74.0800   40.0500
  -74.0500   40.0300
  -74.0700   40.0200
  -74.1200   40.0000
  -74.1000   39.9700
  -74.1300   39.9300
  -74.0800   39.9200
  -74.1300   39.8800
  -74.1200   39.8500
  -74.1500   39.8200
  -74.1800   39.7700
  -74.1500   39.7000
  -74.3200   39.5700
  -74.2800   39.5200
  -74.3200   39.5200
  -74.3300   39.5300
  -74.3800   39.5300
  -74.4000   39.5500
  -74.4000   39.5200
  -74.3800   39.4800
  -74.4000   39.4300
  -74.4200   39.4700
  -74.4500   39.4300
  -74.4700   39.4000
  -74.4300   39.4000
  -74.4200   39.3500
  -74.5300   39.3000
  -74.4800   39.3700
  -74.5200   39.3500
  -74.5500   39.3300
  -74.5500   39.3000
  -74.6500   39.3000
  -74.6500   39.2800
  -74.6200   39.2700
  -74.5500   39.2800
  -74.6500   39.2200
  -74.7000   39.1200
  -74.7300   39.1200
  -74.7000   39.1200
  -74.7200   39.0800
  -74.7700   39.0300
  -74.7800   39.0300
  -74.7800   39.0000
  -74.8500   38.9500
  -74.9300   38.9200
  -74.9700   38.9300
  -74.9700   38.9500
  -74.9500   39.0200
  -74.8800   39.1300
  -74.9000   39.1800
  -74.9500   39.2000
  -75.0200   39.1800
  -75.0300   39.2200
  -75.1500   39.1800
  -75.1700   39.2000
  -75.1700   39.2300
  -75.2300   39.2700
  -75.2500   39.2800
  -75.3000   39.3000
  -75.3300   39.3500
  -75.3700   39.3300
  -75.4700   39.4300
  -75.5200   39.4700
  -75.5300   39.4800
  -75.5200   39.5000
  -75.5200   39.5700
  -75.5500   39.6200
  -75.5200   39.6500
  -75.5000   39.6800
  -75.4700   39.7200
  -75.4700   39.7300
  -75.4500   39.7500
  -75.3300   39.8300
  -75.1300   39.8800
  -75.1000   39.9000
  -75.1200   39.9200
  -75.1200   39.9500
  -75.0700   39.9700
  -75.0300   40.0000
  -75.1200   39.9700
  -75.1500   39.9000
  -75.1800   39.9000
  -75.2500   39.8700
  -75.3700   39.8500
  -75.4300   39.8000
  -75.4200   39.8200
  -75.4700   39.7800
  -75.4800   39.7200
  -75.5500   39.6700
  -75.5800   39.6500
  -75.6000   39.6200
  -75.5500   39.5500
  -75.5800   39.4700
  -75.5200   39.4200
  -75.5000   39.3500
  -75.4300   39.3200
  -75.4000   39.2500
  -75.4000   39.1700
  -75.3800   39.0800
  -75.3000   38.9700
  -75.3000   38.9200
  -75.1700   38.8000
  -75.1200   38.7800
  -75.0800   38.8000
  -75.0700   38.6300
  -75.0800   38.7000
  -75.1300   38.7000
  -75.1200   38.6500
  -75.1500   38.6500
  -75.1000   38.6300
  -75.2000   38.6000
  -75.2000   38.5800
  -75.1800   38.5800
  -75.2000   38.5700
  -75.1300   38.5800
  -75.0800   38.5700
  -75.0700   38.5800
  -75.0700   38.6200
  -75.0500   38.6000
  -75.0500   38.5700
  -75.0300   38.4500
  -75.0300   38.4500
  -75.0700   38.3300
  -75.0700   38.4500
  -75.0800   38.4500
  -75.0800   38.4300
  -75.1200   38.4300
  -75.1000   38.4000
  -75.1500   38.4200
  -75.1800   38.4200
  -75.1300   38.4000
  -75.1300   38.3500
  -75.1000   38.3500
  -75.1000   38.3300
  -75.1700   38.2300
  -75.2000   38.2300
  -75.1800   38.2700
  -75.2300   38.2300
  -75.2800   38.1200
  -75.3200   38.1200
  -75.3500   38.0800
  -75.3700   38.0200
  -75.3700   38.0300
  -75.4300   37.9700
  -75.4300   37.9300
  -75.4200   37.9200
  -75.4300   37.9000
  -75.4300   37.8700
  -75.5000   37.8000
  -75.5700   37.6800
  -75.6200   37.5800
  -75.5800   37.5700
  -75.6500   37.5000
  -75.7200   37.5500
  -75.7300   37.5200
  -75.7000   37.5000
  -75.7800   37.4800
  -75.8000   37.4500
  -75.8000   37.4000
  -75.8300   37.3700
  -75.8700   37.2300
  -75.8700   37.1800
  -75.9000   37.1800
  -75.8800   37.2200
  -75.9200   37.1500
  -75.9500   37.1300
  -76.0200   37.2700
  -75.9800   37.3200
  -76.0000   37.3200
  -75.9800   37.3800
  -75.9700   37.3800
  -75.9500   37.4200
  -75.9800   37.4200
  -75.9700   37.4300
  -75.9500   37.4700
  -75.9200   37.4800
  -75.9300   37.5000
  -75.9500   37.4800
  -75.9500   37.5000
  -75.9200   37.5500
  -75.9000   37.5500
  -75.9300   37.5700
  -75.9000   37.5800
  -75.9200   37.6000
  -75.9000   37.6200
  -75.8700   37.6200
  -75.8800   37.6500
  -75.8200   37.6700
  -75.8300   37.7000
  -75.7800   37.7200
  -75.8200   37.7300
  -75.7700   37.7700
  -75.8000   37.8000
  -75.7500   37.7800
  -75.7000   37.8000
  -75.7200   37.8200
  -75.7000   37.8300
  -75.6700   37.8300
  -75.6800   37.9000
  -75.7300   37.9000
  -75.6300   37.9500
  -75.6500   37.9700
  -75.6500   37.9700
  -75.7500   37.9800
  -75.8000   37.9700
  -75.8500   37.9300
  -75.8800   37.9500
  -75.8500   37.9700
  -75.8500   37.9800
  -75.8800   37.9800
  -75.8500   38.0300
  -75.8200   38.0300
  -75.7500   38.1000
  -75.8000   38.0800
  -75.8500   38.0800
  -75.8300   38.1000
  -75.8200   38.1300
  -75.7800   38.1300
  -75.7800   38.1500
  -75.9000   38.1500
  -75.9200   38.1200
  -75.9300   38.1300
  -75.9300   38.2000
  -75.8200   38.2300
  -75.8800   38.2500
  -75.9000   38.2800
  -75.8300   38.4000
  -75.8500   38.4000
  -75.9200   38.3200
  -75.9500   38.2500
  -76.0000   38.3200
  -75.9700   38.3300
  -75.9700   38.3700
  -75.9800   38.3700
  -76.0300   38.3200
  -76.0200   38.2800
  -76.0300   38.2300
  -76.0800   38.2800
  -76.1200   38.3000
  -76.1500   38.3300
  -76.2200   38.3800
  -76.2200   38.3800
  -76.2000   38.3300
  -76.2200   38.3200
  -76.3300   38.4800
  -76.2800   38.5000
  -76.2800   38.4800
  -76.2700   38.4500
  -76.2300   38.5200
  -76.1800   38.5300
  -76.1800   38.5500
  -76.1700   38.5700
  -76.2000   38.5800
  -76.2300   38.5500
  -76.2800   38.5700
  -76.2800   38.5700
  -76.2500   38.6000
  -76.2700   38.6200
  -76.2200   38.6200
  -76.1700   38.6300
  -76.1700   38.6000
  -76.1300   38.6000
  -76.0500   38.5700
  -76.0000   38.5800
  -75.9700   38.6000
  -75.9700   38.6500
  -76.0200   38.6000
  -76.0800   38.6200
  -76.1000   38.6300
  -76.1000   38.6500
  -76.1500   38.6500
  -76.1000   38.6800
  -76.1700   38.6800
  -76.1700   38.7200
  -76.2000   38.6800
  -76.2300   38.7200
  -76.2000   38.7500
  -76.2200   38.7700
  -76.2300   38.7700
  -76.2700   38.7200
  -76.2800   38.7200
  -76.2700   38.7800
  -76.3000   38.7500
  -76.3200   38.6800
  -76.3300   38.6800
  -76.3300   38.7700
  -76.2700   38.8300
  -76.2200   38.8200
  -76.2200   38.8000
  -76.1700   38.7700
  -76.1000   38.8000
  -76.1500   38.7800
  -76.1800   38.8000
  -76.1700   38.8500
  -76.1000   38.8700
  -76.1500   38.8800
  -76.1500   38.9200
  -76.1800   38.8800
  -76.1800   38.9300
  -76.2200   38.9700
  -76.2700   38.9300
  -76.2700   38.9200
  -76.3000   38.9200
  -76.3300   38.9200
  -76.3200   38.8800
  -76.3500   38.8500
  -76.3500   38.9000
  -76.3000   39.0300
  -76.2300   38.9800
  -76.1700   39.0000
  -76.1500   39.0200
  -76.1500   39.0300
  -76.1700   39.0700
  -76.1300   39.0700
  -76.1300   39.0800
  -76.0700   39.1300
  -76.1300   39.1200
  -76.1500   39.1200
  -76.1500   39.1300
  -76.1700   39.1200
  -76.1800   39.1200
  -76.1800   39.0800
  -76.2000   39.0300
  -76.2300   39.0300
  -76.2300   39.1200
  -76.2700   39.1500
  -76.1700   39.3200
  -76.1200   39.3300
  -76.1200   39.3700
  -76.1000   39.3700
  -75.8300   39.3700
  -76.0200   39.4000
  -75.9200   39.4700
  -75.8300   39.4700
  -75.9000   39.5000
  -75.8500   39.5300
  -75.8300   39.5800
  -75.8500   39.5700
  -76.0000   39.4700
  -76.0000   39.4800
  -75.9500   39.5500
  -75.9300   39.6000
  -75.9800   39.5500
  -76.0200   39.5700
  -76.0700   39.5700
  -76.1200   39.4800
  -76.0700   39.4500
  -76.2000   39.3700
  -76.2300   39.3800
  -76.2200   39.4700
  -76.2300   39.4700
  -76.2500   39.4500
  -76.2700   39.3800
  -76.2500   39.3300
  -76.2800   39.3200
  -76.3200   39.4000
  -76.4000   39.3800
  -76.3800   39.3700
  -76.3500   39.3700
  -76.3300   39.3500
  -76.3300   39.3300
  -76.3700   39.3300
  -76.3700   39.3000
  -76.4200   39.3300
  -76.4300   39.3200
  -76.3800   39.2700
  -76.4200   39.2700
  -76.4500   39.3000
  -76.4800   39.3000
  -76.4300   39.2500
  -76.3800   39.2300
  -76.4200   39.2200
  -76.4800   39.2200
  -76.4800   39.2300
  -76.5700   39.2700
  -76.6200   39.2500
  -76.5800   39.2300
  -76.5700   39.2200
  -76.5200   39.2200
  -76.5200   39.1800
  -76.4800   39.1700
  -76.4500   39.1700
  -76.4200   39.1000
  -76.4200   39.0700
  -76.4500   39.0800
  -76.5200   39.1000
  -76.5200   39.0800
  -76.4200   39.0500
  -76.4000   39.0200
  -76.4000   39.0000
  -76.4300   39.0000
  -76.4500   38.9800
  -76.5000   39.0200
  -76.5500   39.0700
  -76.5700   39.0700
  -76.4500   38.9300
  -76.4500   38.9200
  -76.5200   38.9700
  -76.5300   38.9500
  -76.5300   38.9300
  -76.4800   38.9000
  -76.5000   38.8800
  -76.5300   38.8800
  -76.5200   38.8700
  -76.5300   38.8300
  -76.4800   38.8500
  -76.4800   38.8300
  -76.5500   38.7700
  -76.5500   38.7300
  -76.5200   38.7200
  -76.5000   38.5300
  -76.4000   38.4200
  -76.3700   38.3700
  -76.4200   38.3300
  -76.4500   38.3500
  -76.4700   38.3700
  -76.4800   38.3800
  -76.5700   38.4200
  -76.6300   38.4800
  -76.6800   38.6800
  -76.6700   38.4800
  -76.5800   38.4000
  -76.5000   38.3700
  -76.4800   38.3200
  -76.4500   38.3000
  -76.3700   38.3000
  -76.3800   38.2300
  -76.3200   38.1700
  -76.3200   38.1300
  -76.3300   38.1000
  -76.3200   38.0500
  -76.4200   38.1200
  -76.4300   38.1800
  -76.4300   38.2000
  -76.4500   38.2000
  -76.4500   38.1700
  -76.4700   38.1300
  -76.5000   38.1700
  -76.5000   38.1300
  -76.5200   38.1300
  -76.5700   38.2000
  -76.6200   38.2300
  -76.7500   38.2300
  -76.7800   38.2500
  -76.8200   38.3700
  -76.8700   38.4000
  -76.8300   38.2800
  -76.8300   38.2700
  -76.8700   38.2700
  -76.9700   38.3500
  -77.0200   38.4800
  -77.0300   38.4300
  -77.0800   38.4200
  -77.1000   38.4300
  -77.1000   38.4500
  -77.1300   38.4500
  -77.1200   38.4000
  -77.1800   38.3700
  -77.2000   38.3700
  -77.2500   38.4000
  -77.2700   38.4800
  -77.2300   38.5500
  -77.1700   38.5700
  -77.2000   38.5800
  -77.1800   38.6000
  -77.1200   38.6200
  -77.1000   38.6800
  -77.0200   38.7000
  -77.0000   38.7500
  -77.0200   38.8000
  -77.0200   38.8000
  -77.0200   38.8700
  -77.0700   38.9000
  -77.0500   38.9000
  -77.0700   38.9000
  -77.0300   38.8500
  -77.0300   38.7300
  -77.1200   38.7000
  -77.1300   38.6800
  -77.1300   38.7000
  -77.1500   38.7000
  -77.1700   38.6800
  -77.1300   38.6500
  -77.1700   38.6300
  -77.2000   38.6300
  -77.2000   38.6500
  -77.2300   38.6500
  -77.2700   38.5800
  -77.2500   38.5700
  -77.2800   38.5500
  -77.2800   38.5300
  -77.3000   38.5000
  -77.3000   38.4000
  -77.3300   38.4300
  -77.3500   38.4300
  -77.2800   38.3700
  -77.3300   38.3500
  -77.2500   38.3300
  -77.1500   38.3500
  -77.0300   38.4000
  -77.0000   38.3800
  -77.0000   38.3500
  -77.0000   38.3300
  -77.0500   38.3200
  -76.9500   38.2500
  -76.9500   38.2000
  -76.8500   38.1700
  -76.7700   38.1700
  -76.7300   38.1300
  -76.6800   38.1500
  -76.6300   38.1300
  -76.6000   38.1500
  -76.5800   38.1200
  -76.5200   38.0700
  -76.5300   38.0300
  -76.5300   38.0200
  -76.4700   38.0200
  -76.4500   38.0000
  -76.4700   37.9800
  -76.4200   37.9800
  -76.2300   37.9000
  -76.2300   37.8800
  -76.2500   37.8200
  -76.3000   37.8500
  -76.3200   37.8500
  -76.2800   37.7800
  -76.3000   37.7500
  -76.3200   37.7300
  -76.2800   37.7000
  -76.3200   37.7000
  -76.3200   37.6700
  -76.3300   37.6700
  -76.3200   37.6300
  -76.3000   37.6300
  -76.3200   37.6200
  -76.3700   37.6200
  -76.4200   37.6500
  -76.4200   37.6700
  -76.4300   37.6500
  -76.4700   37.7000
  -76.4800   37.6500
  -76.5200   37.6700
  -76.5200   37.7000
  -76.5700   37.7500
  -76.5800   37.7800
  -76.6200   37.7800
  -76.6200   37.8200
  -76.6500   37.8200
  -76.6700   37.8300
  -76.7200   37.8300
  -76.7700   37.9200
  -76.8300   37.9500
  -76.8300   37.9800
  -76.8800   38.0000
  -76.9300   38.0800
  -77.0300   38.1200
  -77.0500   38.1700
  -77.1300   38.1700
  -77.1000   38.1300
  -77.0500   38.1500
  -77.0300   38.1000
  -76.9300   38.0700
  -76.9200   38.0500
  -76.9000   37.9800
  -76.8700   37.9700
  -76.8300   37.9200
  -76.7800   37.9000
  -76.7200   37.8000
  -76.6800   37.7800
  -76.6700   37.7700
  -76.6200   37.7500
  -76.5300   37.6300
  -76.4300   37.6200
  -76.4000   37.5800
  -76.2800   37.5700
  -76.3200   37.5500
  -76.3800   37.5500
  -76.4000   37.5300
  -76.3000   37.4800
  -76.2800   37.5000
  -76.2800   37.5200
  -76.2500   37.5000
  -76.2500   37.4800
  -76.2800   37.4700
  -76.2300   37.4300
  -76.2300   37.3800
  -76.2700   37.3200
  -76.3000   37.3500
  -76.3200   37.3800
  -76.3500   37.3700
  -76.3700   37.3800
  -76.4000   37.4300
  -76.4300   37.4200
  -76.4000   37.3800
  -76.4500   37.3800
  -76.4500   37.3700
  -76.4000   37.3300
  -76.4300   37.3200
  -76.3800   37.3200
  -76.3700   37.2800
  -76.4500   37.2700
  -76.5800   37.3200
  -76.6500   37.4000
  -76.6800   37.4300
  -76.7700   37.5300
  -76.7800   37.5300
  -76.8000   37.5000
  -76.7500   37.4800
  -76.6000   37.3000
  -76.4500   37.2300
  -76.3700   37.2300
  -76.3800   37.1700
  -76.3200   37.1700
  -76.2800   37.1300
  -76.3300   37.1000
  -76.2700   37.1000
  -76.2700   37.0800
  -76.2800   37.0000
  -76.3700   37.0000
  -76.4000   36.9700
  -76.4700   37.0500
  -76.5200   37.0700
  -76.5300   37.1000
  -76.5500   37.0800
  -76.6200   37.1300
  -76.6200   37.1800
  -76.6300   37.2200
  -76.7300   37.2200
  -76.7500   37.2000
  -76.7700   37.2200
  -76.8300   37.2500
  -76.8500   37.2700
  -76.8700   37.3200
  -76.8700   37.2700
  -76.9200   37.2300
  -77.0000   37.3200
  -77.0500   37.2800
  -77.0800   37.3300
  -77.1300   37.3200
  -77.2300   37.3300
  -77.2500   37.3500
  -77.2700   37.3200
  -77.2800   37.3200
  -77.1800   37.2800
  -77.1000   37.2800
  -77.0700   37.2700
  -77.0000   37.2800
  -76.9700   37.2300
  -76.9000   37.2000
  -76.8000   37.2000
  -76.7300   37.1500
  -76.6700   37.1800
  -76.6500   37.0500
  -76.5800   37.0300
  -76.5700   37.0200
  -76.5800   37.0000
  -76.4800   36.9700
  -76.5000   36.9300
  -76.4800   36.9000
  -76.5200   36.8700
  -76.5200   36.8500
  -76.4200   36.9000
  -76.3500   36.8800
  -76.3200   36.8700
  -76.3000   36.8500
  -76.3000   36.8500
  -76.3200   36.8800
  -76.3000   36.9200
  -76.3200   36.9300
  -76.2700   36.9700
  -76.1700   36.9200
  -76.1000   36.9200
  -76.0700   36.9000
  -76.0000   36.9200
  -75.8500   36.5500
  -75.8500   36.5500
  -75.7800   36.2700
  -75.7200   36.1200
  -75.5700   35.9000
  -75.5200   35.7800
  -75.5800   35.8500
  -75.6000   35.9000
  -75.6700   36.0000
  -75.7200   36.0000
  -75.7200   36.0200
  -75.7000   36.0000
  -75.6800   36.0200
  -75.6800   36.0300
  -75.6800   36.0500
  -75.7300   36.0700
  -75.7500   36.1800
  -75.8200   36.2800
  -75.8300   36.4000
  -75.8800   36.5300
  -75.8800   36.6000
  -75.9300   36.7200
  -75.9700   36.7000
  -75.9800   36.5800
  -75.9500   36.5300
  -75.9500   36.5700
  -75.9200   36.5700
  -75.9000   36.4800
  -75.9700   36.5000
  -75.9700   36.5200
  -76.0500   36.5800
  -76.0200   36.5300
  -76.0300   36.5000
  -75.9700   36.4300
  -75.9800   36.4300
  -75.9800   36.4200
  -75.9300   36.3500
  -75.9500   36.4000
  -75.9300   36.4000
  -75.9300   36.4200
  -75.9200   36.4300
  -75.9200   36.3500
  -75.8700   36.2700
  -75.7800   36.0700
  -75.8500   36.1000
  -75.8700   36.1700
  -75.9200   36.2200
  -75.9000   36.2300
  -75.9500   36.2500
  -75.9300   36.2800
  -75.9700   36.3200
  -76.0000   36.3200
  -75.9500   36.2700
  -75.9700   36.2300
  -75.9500   36.2200
  -75.9700   36.2000
  -75.9000   36.1700
  -76.0200   36.1800
  -76.0500   36.2200
  -76.1000   36.2500
  -76.1300   36.2800
  -76.2000   36.3000
  -76.1800   36.3200
  -76.2000   36.3200
  -76.2200   36.2800
  -76.1500   36.2500
  -76.1200   36.2200
  -76.0500   36.1700
  -76.0700   36.1500
  -76.1700   36.1200
  -76.2200   36.1500
  -76.2800   36.2200
  -76.2800   36.2000
  -76.2500   36.1500
  -76.2300   36.1300
  -76.2000   36.1000
  -76.2200   36.1000
  -76.3700   36.1500
  -76.4000   36.1800
  -76.4200   36.1800
  -76.4700   36.2000
  -76.4300   36.1700
  -76.3800   36.1200
  -76.3200   36.1000
  -76.3700   36.0800
  -76.4200   36.0800
  -76.4300   36.0700
  -76.4200   36.0500
  -76.5200   36.0000
  -76.5800   36.0200
  -76.6200   36.0500
  -76.6500   36.0300
  -76.6800   36.0500
  -76.7000   36.1000
  -76.7200   36.1200
  -76.7300   36.1700
  -76.7200   36.2300
  -76.6700   36.2800
  -76.7200   36.3200
  -76.7200   36.3200
  -76.7000   36.2800
  -76.7500   36.2200
  -76.7700   36.1300
  -76.7000   36.0000
  -76.6800   36.0000
  -76.7300   35.9500
  -76.6500   35.9300
  -76.5300   35.9500
  -76.4000   35.9800
  -76.3800   35.9700
  -76.3800   35.9300
  -76.3500   35.9500
  -76.2800   35.9200
  -76.2700   35.9300
  -76.3000   35.9300
  -76.2800   35.9700
  -76.1700   36.0000
  -76.0500   35.9800
  -76.0200   35.9500
  -76.0700   35.9500
  -76.0700   35.9200
  -76.0200   35.9300
  -76.0500   35.8700
  -76.0800   35.8700
  -76.0500   35.8500
  -76.0500   35.7800
  -76.1200   35.8000
  -76.1200   35.7800
  -76.0500   35.7500
  -76.0500   35.7200
  -76.0300   35.6800
  -76.1000   35.6800
  -76.1300   35.7000
  -76.1300   35.6800
  -76.1000   35.6700
  -76.0300   35.6500
  -76.0000   35.7200
  -75.9800   35.8800
  -75.9300   35.9200
  -75.9000   35.8800
  -75.8700   35.8700
  -75.8500   35.8800
  -75.9000   35.9300
  -75.8500   35.9200
  -75.8200   35.9300
  -75.8700   35.9500
  -75.8500   35.9700
  -75.8200   35.9700
  -75.8200   35.9300
  -75.7500   35.8800
  -75.7200   35.8200
  -75.7300   35.7700
  -75.7200   35.7300
  -75.7200   35.6800
  -75.7700   35.7000
  -75.7700   35.6800
  -75.7300   35.6300
  -75.7500   35.6200
  -75.7800   35.6000
  -75.7800   35.5700
  -75.8200   35.5700
  -75.8300   35.5700
  -75.8200   35.5800
  -75.8700   35.5800
  -75.8800   35.6300
  -75.9000   35.6200
  -75.9000   35.5800
  -75.9200   35.5500
  -75.9800   35.5200
  -75.9700   35.5000
  -76.0000   35.4800
  -76.0000   35.4700
  -76.0300   35.4200
  -76.0500   35.4300
  -76.0700   35.4200
  -76.0700   35.3800
  -76.1300   35.3700
  -76.1500   35.3300
  -76.1700   35.3500
  -76.2300   35.3500
  -76.2500   35.3700
  -76.2700   35.3500
  -76.2800   35.3500
  -76.3500   35.4200
  -76.3700   35.3800
  -76.3500   35.3500
  -76.3700   35.3300
  -76.3800   35.3500
  -76.4200   35.3700
  -76.3800   35.3700
  -76.4000   35.3800
  -76.3800   35.4200
  -76.4000   35.4700
  -76.4300   35.4500
  -76.4300   35.4000
  -76.4800   35.4000
  -76.4500   35.3700
  -76.5000   35.3800
  -76.5200   35.4200
  -76.5000   35.4300
  -76.5500   35.4300
  -76.5500   35.4700
  -76.5800   35.5000
  -76.4800   35.5000
  -76.4700   35.5300
  -76.5800   35.5500
  -76.6200   35.5300
  -76.6500   35.5200
  -76.6200   35.5000
  -76.6200   35.4700
  -76.5800   35.4000
  -76.5800   35.3800
  -76.6500   35.4000
  -76.6500   35.4300
  -76.7500   35.4200
  -76.8000   35.4300
  -76.8200   35.4500
  -76.9200   35.4700
  -77.0500   35.5300
  -77.0200   35.4800
  -76.9800   35.4700
  -76.9800   35.4300
  -76.8500   35.4200
  -76.8300   35.4000
  -76.7200   35.3700
  -76.7000   35.3500
  -76.5300   35.3000
  -76.5000   35.3000
  -76.4700   35.2700
  -76.4800   35.2200
  -76.5700   35.2300
  -76.5200   35.2200
  -76.5300   35.2000
  -76.5800   35.2200
  -76.6000   35.2000
  -76.6700   35.1700
  -76.5800   35.1500
  -76.5700   35.1500
  -76.5800   35.1700
  -76.5700   35.1700
  -76.5500   35.1500
  -76.5500   35.1300
  -76.5800   35.1000
  -76.6200   35.0800
  -76.6000   35.0800
  -76.6000   35.0700
  -76.7800   34.9800
  -76.8500   35.0000
  -76.9500   35.0700
  -76.9800   35.0700
  -77.0800   35.1500
  -76.9500   34.9800
  -76.9000   34.9500
  -76.8000   34.9300
  -76.7500   34.9000
  -76.6300   34.9800
  -76.6000   34.9800
  -76.6000   34.9500
  -76.5500   34.9300
  -76.5300   34.9300
  -76.5700   34.9700
  -76.5700   34.9800
  -76.5300   35.0000
  -76.5000   34.9700
  -76.4800   34.9800
  -76.4800   35.0200
  -76.4500   35.0700
  -76.4300   35.0500
  -76.4300   35.0200
  -76.4200   34.9800
  -76.4700   34.9700
  -76.4500   34.9300
  -76.4200   34.9500
  -76.3800   34.9300
  -76.3800   34.9700
  -76.3200   34.9700
  -76.3500   35.0200
  -76.3200   35.0200
  -76.2800   34.9800
  -76.2700   34.9700
  -76.3000   34.9300
  -76.3500   34.9300
  -76.3300   34.8800
  -76.3800   34.8700
  -76.4000   34.8800
  -76.4200   34.8300
  -76.5000   34.7700
  -76.5000   34.7300
  -76.5800   34.7300
  -76.5800   34.7700
  -76.5700   34.7800
  -76.6200   34.8200
  -76.6200   34.7200
  -76.6700   34.7200
  -76.6700   34.7500
  -76.6800   34.8000
  -76.7700   34.7500
  -76.7200   34.7500
  -76.7000   34.7200
  -76.8700   34.7300
  -76.9200   34.7200
  -77.1000   34.6800
  -77.1000   34.6800
  -77.0800   34.7200
  -77.1200   34.7300
  -77.1200   34.7500
  -77.1300   34.7500
  -77.1200   34.7200
  -77.1300   34.6800
  -77.1700   34.6800
  -77.1700   34.6500
  -77.3300   34.5500
  -77.4000   34.5800
  -77.3300   34.6500
  -77.3800   34.7000
  -77.3700   34.7300
  -77.4200   34.7300
  -77.4300   34.7500
  -77.4300   34.6800
  -77.4000   34.6800
  -77.3700   34.6300
  -77.3800   34.6200
  -77.4500   34.6000
  -77.4200   34.5800
  -77.3700   34.5500
  -77.3800   34.5300
  -77.3700   34.5200
  -77.4700   34.5000
  -77.6700   34.3800
  -77.7200   34.3300
  -77.8200   34.2200
  -77.8700   34.1500
  -77.8800   34.0500
  -77.9200   33.9300
  -77.9300   33.9300
  -77.9200   33.9800
  -77.9200   34.1000
  -77.9500   34.1800
  -77.9500   34.0200
  -78.0200   33.8800
  -78.2300   33.9200
  -78.3500   33.9000
  -78.3700   33.9500
  -78.4000   33.9000
  -78.5500   33.8700
  -78.5500   33.8700
  -78.5500   33.8700
  -78.5500   33.8800
  -78.6000   33.8700
  -78.5700   33.8500
  -78.6500   33.8300
  -78.7500   33.7800
  -78.8700   33.7000
  -78.9300   33.6300
  -79.1300   33.4200
  -79.1800   33.2200
  -79.2000   33.3000
  -79.2700   33.3200
  -79.2500   33.3700
  -79.1800   33.4300
  -79.2700   33.3700
  -79.3000   33.2800
  -79.2200   33.2300
  -79.2200   33.1800
  -79.1800   33.1800
  -79.2300   33.1300
  -79.2500   33.1700
  -79.2700   33.1700
  -79.2500   33.1300
  -79.2700   33.1200
  -79.2800   33.1300
  -79.3300   33.1500
  -79.3000   33.1300
  -79.2800   33.1200
  -79.3800   33.0500
  -79.3800   33.0200
  -79.5000   32.9800
  -79.5000   33.0200
  -79.5300   33.0300
  -79.5800   33.0000
  -79.6300   32.9500
  -79.6200   32.9200
  -79.5800   32.9300
  -79.5800   32.9200
  -79.7000   32.8500
  -79.7300   32.8000
  -79.8300   32.7700
  -79.8700   32.7700
  -79.8800   32.7800
  -79.9000   32.7800
  -79.8800   32.8500
  -79.9000   32.8500
  -79.9000   32.8500
  -79.9000   32.8300
  -79.9500   32.8500
  -79.9300   32.7800
  -79.9700   32.8000
  -79.9700   32.7800
  -79.9500   32.7700
  -79.9000   32.7500
  -79.8800   32.7300
  -79.8700   32.7300
  -79.8700   32.7200
  -79.8800   32.6800
  -79.9500   32.6500
  -80.0200   32.6500
  -80.0200   32.6300
  -79.9800   32.6200
  -80.0000   32.6000
  -80.0800   32.6000
  -80.1700   32.5500
  -80.2300   32.6200
  -80.2700   32.6200
  -80.2500   32.6000
  -80.2000   32.5700
  -80.3300   32.4800
  -80.3700   32.5300
  -80.3700   32.5000
  -80.4000   32.4700
  -80.4300   32.5000
  -80.4800   32.5000
  -80.5500   32.5500
  -80.5300   32.5200
  -80.5300   32.5200
  -80.6700   32.5200
  -80.6800   32.5000
  -80.5500   32.4800
  -80.5300   32.5000
  -80.4800   32.4700
  -80.5800   32.4500
  -80.4800   32.4500
  -80.4500   32.4200
  -80.4700   32.4000
  -80.5000   32.3800
  -80.5500   32.3700
  -80.5500   32.3500
  -80.4700   32.3700
  -80.4300   32.4000
  -80.4500   32.3500
  -80.4700   32.3500
  -80.4500   32.3300
  -80.4700   32.3200
  -80.6300   32.2500
  -80.6500   32.2700
  -80.6300   32.3200
  -80.6300   32.3800
  -80.6500   32.3500
  -80.6700   32.3700
  -80.6500   32.4500
  -80.6500   32.4700
  -80.6800   32.4500
  -80.6700   32.4500
  -80.6800   32.3700
  -80.6700   32.3000
  -80.7000   32.3200
  -80.7700   32.3800
  -80.8000   32.4700
  -80.7800   32.5000
  -80.8000   32.5000
  -80.8300   32.5300
  -80.8500   32.5300
  -80.8200   32.4800
  -80.8000   32.4000
  -80.7800   32.3800
  -80.8000   32.3200
  -80.7500   32.2500
  -80.7000   32.2500
  -80.6700   32.2200
  -80.7200   32.1500
  -80.8200   32.1000
  -80.7800   32.1800
  -80.7800   32.2500
  -80.7800   32.2200
  -80.7800   32.2000
  -80.8300   32.1500
  -80.8300   32.1200
  -80.9000   32.0500
  -80.8800   32.0200
  -80.9000   32.0300
  -80.8500   32.0200
  -80.8300   32.0000
  -80.8700   31.9700
  -80.9000   31.9500
  -80.9300   31.9800
  -80.9700   31.9200
  -80.9300   31.9000
  -80.9800   31.8700
  -81.0500   31.8800
  -81.1000   31.9200
  -81.1000   31.9200
  -81.1200   31.8800
  -81.0800   31.8800
  -81.0800   31.8700
  -81.1300   31.8700
  -81.1300   31.8500
  -81.0300   31.8200
  -81.0800   31.7700
  -81.1200   31.7300
  -81.2700   31.7700
  -81.2700   31.7500
  -81.2200   31.7300
  -81.1800   31.7000
  -81.2300   31.6700
  -81.1500   31.6700
  -81.1700   31.6800
  -81.1300   31.7000
  -81.1300   31.6000
  -81.1700   31.5700
  -81.1800   31.5700
  -81.2000   31.6200
  -81.2300   31.6300
  -81.2300   31.6300
  -81.2000   31.6000
  -81.2200   31.5700
  -81.2500   31.5500
  -81.3000   31.5700
  -81.3300   31.5500
  -81.3000   31.5300
  -81.2700   31.5300
  -81.2800   31.4800
  -81.2300   31.5300
  -81.1700   31.5300
  -81.2500   31.4300
  -81.2700   31.3800
  -81.2800   31.4000
  -81.3000   31.4300
  -81.3300   31.4300
  -81.2800   31.3500
  -81.2800   31.3300
  -81.4300   31.3500
  -81.4700   31.3700
  -81.4800   31.3700
  -81.4200   31.3300
  -81.3300   31.3200
  -81.2800   31.2800
  -81.2700   31.2700
  -81.2800   31.2200
  -81.3000   31.2200
  -81.3200   31.2200
  -81.3800   31.1300
  -81.4200   31.1500
  -81.4000   31.2000
  -81.4300   31.2200
  -81.4700   31.1800
  -81.4500   31.1200
  -81.5000   31.1300
  -81.4300   31.0700
  -81.4300   31.1000
  -81.4000   31.1200
  -81.4000   31.0800
  -81.4300   31.0200
  -81.4800   31.0800
  -81.5200   31.0800
  -81.4500   31.0200
  -81.4700   30.9800
  -81.5200   30.9800
  -81.5000   30.9700
  -81.4500   30.9700
  -81.5000   30.8800
  -81.4800   30.8500
  -81.5300   30.8500
  -81.5200   30.8300
  -81.5200   30.8000
  -81.4800   30.7700
  -81.5000   30.7200
  -81.5000   30.7200
  -81.5000   30.7200
  -81.4800   30.6800
  -81.4500   30.7000
  -81.4300   30.6800
  -81.4300   30.6800
  -81.4500   30.5700
  -81.4300   30.5200
  -81.4700   30.5500
  -81.4800   30.6200
  -81.5000   30.6200
  -81.5000   30.5500
  -81.4200   30.4700
  -81.4200   30.4000
  -81.3800   30.3800
  -81.3800   30.2700
  -81.3300   30.1200
  -81.2800   29.9000
  -81.2700   29.8700
  -81.2500   29.8000
  -81.1700   29.5800
  -81.0200   29.2500
  -80.9200   29.0800
  -80.9200   29.0700
  -80.9000   29.0500
  -80.6800   28.7200
  -80.6300   28.6500
  -80.5700   28.5700
  -80.5300   28.4700
  -80.5300   28.4500
  -80.6000   28.4000
  -80.5800   28.2000
  -80.5700   28.0800
  -80.4700   27.9200
  -80.4500   27.8700
  -80.5000   27.9300
  -80.5300   28.0000
  -80.5700   28.0500
  -80.6200   28.2200
  -80.6200   28.4000
  -80.5800   28.5200
  -80.6000   28.6000
  -80.6700   28.6000
  -80.6800   28.5800
  -80.7700   28.6200
  -80.7800   28.6500
  -80.7800   28.6800
  -80.7500   28.7000
  -80.7500   28.7300
  -80.8500   28.7800
  -80.8200   28.6500
  -80.8000   28.6000
  -80.7500   28.4200
  -80.5800   28.0500
  -80.4000   27.7000
  -80.3000   27.4200
  -80.1800   27.1800
  -80.2200   27.2200
  -80.2700   27.2200
  -80.2800   27.2300
  -80.3200   27.2300
  -80.2700   27.1800
  -80.2200   27.2000
  -80.1700   27.1500
  -80.1500   27.1300
  -80.0700   26.9500
  -80.1200   26.9300
  -80.0700   26.9200
  -80.0300   26.7800
  -80.0500   26.7700
  -80.0300   26.6800
  -80.0300   26.5700
  -80.0500   26.5300
  -80.0500   26.5200
  -80.0800   26.2800
  -80.1000   26.1200
  -80.1200   26.1000
  -80.1000   26.0700
  -80.1200   25.9500
  -80.1200   25.8200
  -80.1300   25.7700
  -80.1300   25.8200
  -80.1300   25.9000
  -80.1800   25.8200
  -80.1800   25.7500
  -80.2500   25.7300
  -80.2700   25.6500
  -80.3200   25.6200
  -80.3200   25.5300
  -80.3500   25.4800
  -80.3300   25.4300
  -80.3300   25.4000
  -80.3200   25.3800
  -80.3500   25.3300
  -80.3700   25.3300
  -80.4300   25.2300
  -80.4200   25.2000
  -80.4000   25.1800
  -80.4200   25.2000
  -80.4500   25.2500
  -80.5000   25.2200
  -80.4700   25.2200
  -80.4500   25.1800
  -80.4800   25.2200
  -80.5200   25.2000
  -80.5200   25.2200
  -80.5000   25.2300
  -80.5300   25.2500
  -80.5800   25.2300
  -80.6000   25.1800
  -80.6500   25.1800
  -80.6500   25.1700
  -80.6800   25.1700
  -80.7200   25.1300
  -80.7700   25.1500
  -80.8000   25.1500
  -80.8200   25.1700
  -80.8500   25.1800
  -80.9200   25.1300
  -81.0800   25.1200
  -81.1500   25.1700
  -81.1800   25.2300
  -81.1300   25.3300
  -81.0700   25.2700
  -80.9800   25.2300
  -81.0000   25.2200
  -80.9800   25.2000
  -80.9200   25.2200
  -80.9200   25.2500
  -80.9800   25.3200
  -81.0300   25.3300
  -81.1500   25.3800
  -81.1700   25.4700
  -81.2000   25.5000
  -81.1800   25.5500
  -81.2300   25.5700
  -81.2500   25.6300
  -81.2700   25.6500
  -81.2800   25.7000
  -81.3200   25.7000
  -81.3300   25.7200
  -81.3500   25.7700
  -81.3200   25.7800
  -81.3500   25.8200
  -81.4000   25.8500
  -81.4700   25.8700
  -81.4700   25.8800
  -81.5200   25.8800
  -81.5500   25.9200
  -81.5800   25.9000
  -81.5800   25.9200
  -81.6200   25.9500
  -81.6500   25.9200
  -81.7300   25.9000
  -81.7300   25.9500
  -81.7000   25.9300
  -81.6700   25.9500
  -81.6700   25.9800
  -81.7200   25.9700
  -81.7300   26.0000
  -81.7300   26.0200
  -81.7700   26.0700
  -81.7800   26.1300
  -81.8000   26.1000
  -81.8300   26.2700
  -81.8200   26.2800
  -81.8500   26.3500
  -81.8300   26.3500
  -81.8500   26.4300
  -81.8800   26.4800
  -81.8700   26.4500
  -81.8800   26.4300
  -81.9500   26.4700
  -82.0200   26.4800
  -82.0000   26.5200
  -81.9800   26.5000
  -81.9300   26.5300
  -81.8800   26.6300
  -81.8200   26.6800
  -81.8000   26.6800
  -81.7800   26.7200
  -81.9000   26.6700
  -81.9500   26.5500
  -81.9800   26.5300
  -82.0000   26.5300
  -82.0300   26.5200
  -82.0700   26.5500
  -82.0500   26.6000
  -82.0800   26.7000
  -82.0500   26.7800
  -82.0500   26.8700
  -82.1000   26.9000
  -82.0500   26.9300
  -82.0000   26.9500
  -81.9800   27.0000
  -82.0200   26.9700
  -82.0500   26.9700
  -82.0700   26.9500
  -82.1200   26.9700
  -82.1500   26.9200
  -82.1800   26.9700
  -82.2000   26.9500
  -82.2300   26.9700
  -82.2300   27.0000
  -82.2700   27.0200
  -82.2700   27.0000
  -82.2500   27.0000
  -82.2300   26.9500
  -82.1800   26.9300
  -82.1700   26.8700
  -82.1500   26.7800
  -82.1700   26.7800
  -82.1700   26.8200
  -82.2000   26.8000
  -82.3000   26.8300
  -82.3200   26.8700
  -82.3200   26.8800
  -82.3500   26.9300
  -82.3700   26.9500
  -82.3500   26.9000
  -82.4300   27.0500
  -82.5000   27.1800
  -82.5000   27.2000
  -82.4800   27.1800
  -82.5000   27.2200
  -82.5200   27.2200
  -82.5700   27.2700
  -82.5500   27.3000
  -82.5500   27.2800
  -82.5300   27.2800
  -82.5800   27.4000
  -82.6700   27.4500
  -82.6800   27.4500
  -82.7300   27.5200
  -82.7000   27.4800
  -82.6500   27.4700
  -82.6300   27.4800
  -82.6700   27.4800
  -82.6700   27.5200
  -82.6000   27.5000
  -82.6000   27.5000
  -82.6300   27.5200
  -82.6000   27.5200
  -82.5700   27.5500
  -82.6200   27.5500
  -82.5800   27.5500
  -82.5500   27.6300
  -82.5200   27.6700
  -82.4700   27.7300
  -82.4000   27.7800
  -82.3800   27.8200
  -82.4200   27.9200
  -82.4500   27.9300
  -82.4800   27.9000
  -82.4800   27.8200
  -82.5300   27.8300
  -82.5500   27.8500
  -82.5300   27.8700
  -82.5300   27.9300
  -82.5700   27.9500
  -82.6200   27.9700
  -82.6000   27.9800
  -82.6500   28.0200
  -82.6500   28.0000
  -82.6800   28.0300
  -82.6800   28.0000
  -82.6800   27.9700
  -82.6300   27.9500
  -82.7000   27.9500
  -82.7200   27.9300
  -82.6500   27.9000
  -82.6300   27.8800
  -82.5700   27.8800
  -82.6000   27.8500
  -82.6000   27.8200
  -82.6200   27.7800
  -82.6300   27.7000
  -82.6700   27.6800
  -82.6800   27.7000
  -82.6800   27.7300
  -82.7200   27.7300
  -82.7500   27.7800
  -82.8200   27.8300
  -82.8200   27.8200
  -82.7300   27.7200
  -82.7200   27.6500
  -82.7500   27.7000
  -82.7500   27.7300
  -82.8300   27.8000
  -82.8500   27.8700
  -82.8300   27.9300
  -82.8200   27.9500
  -82.8300   27.8800
  -82.8200   27.9300
  -82.7700   28.0700
  -82.7700   28.1000
  -82.8000   28.1500
  -82.8000   28.1800
  -82.7700   28.2000
  -82.7300   28.2800
  -82.7200   28.3000
  -82.7200   28.3000
  -82.7300   28.3000
  -82.7300   28.3200
  -82.6700   28.4300
  -82.6700   28.5000
  -82.6300   28.5300
  -82.6500   28.6300
  -82.6300   28.6500
  -82.6500   28.6700
  -82.6300   28.7000
  -82.6300   28.7500
  -82.6500   28.7500
  -82.6800   28.8000
  -82.6700   28.8200
  -82.6500   28.8000
  -82.6300   28.7800
  -82.6300   28.8000
  -82.6300   28.8800
  -82.6800   28.9200
  -82.7300   28.9700
  -82.7300   29.0000
  -82.7500   29.0000
  -82.7500   29.0700
  -82.8000   29.1000
  -82.7800   29.1200
  -82.8000   29.1300
  -82.8000   29.1700
  -82.8300   29.1700
  -82.8500   29.1800
  -82.8700   29.1700
  -82.9000   29.1700
  -82.9700   29.1800
  -83.0000   29.1700
  -83.0500   29.1800
  -83.0500   29.2000
  -83.0700   29.2200
  -83.0700   29.2300
  -83.0800   29.2700
  -83.1500   29.3000
  -83.1500   29.3300
  -83.2200   29.4200
  -83.2800   29.4300
  -83.3500   29.5000
  -83.4000   29.5200
  -83.4000   29.5800
  -83.3800   29.6000
  -83.4000   29.6500
  -83.4700   29.6800
  -83.5800   29.7500
  -83.5800   29.8200
  -83.6800   29.9200
  -83.7700   29.9700
  -83.7800   29.9800
  -83.8000   29.9700
  -83.8300   29.9800
  -83.8800   30.0200
  -84.0200   30.1000
  -84.1300   30.1000
  -84.1700   30.0700
  -84.2000   30.1000
  -84.2300   30.0800
  -84.2500   30.1000
  -84.2700   30.1000
  -84.2800   30.0700
  -84.3300   30.0700
  -84.3700   30.0500
  -84.3700   30.0200
  -84.3800   30.0200
  -84.3800   29.9800
  -84.3500   29.9800
  -84.3500   29.9700
  -84.4200   29.9800
  -84.4500   30.0200
  -84.4700   29.9800
  -84.4500   29.9800
  -84.4300   29.9700
  -84.3300   29.9300
  -84.3500   29.8800
  -84.3800   29.8800
  -84.3700   29.9000
  -84.3800   29.9200
  -84.4500   29.9200
  -84.4800   29.9000
  -84.5200   29.9200
  -84.5700   29.8800
  -84.7500   29.7800
  -84.8800   29.7300
  -84.9000   29.7300
  -84.8700   29.7800
  -84.8700   29.8000
  -84.9200   29.7800
  -84.9500   29.7500
  -84.9700   29.7500
  -85.0200   29.7000
  -85.0800   29.7200
  -85.1800   29.7000
  -85.3300   29.6800
  -85.3700   29.6800
  -85.3800   29.7200
  -85.4200   29.7800
  -85.4200   29.8500
  -85.4000   29.8700
  -85.4000   29.8500
  -85.3800   29.7500
  -85.3500   29.6800
  -85.3000   29.7000
  -85.3000   29.8200
  -85.3800   29.9200
  -85.4300   29.9500
  -85.5200   29.9700
  -85.5700   30.0300
  -85.5200   30.0000
  -85.4800   29.9800
  -85.4800   29.9800
  -85.6800   30.1200
  -85.6700   30.1300
  -85.6200   30.1200
  -85.6200   30.1000
  -85.5300   30.0800
  -85.5200   30.0700
  -85.4500   30.0200
  -85.4000   30.0300
  -85.4000   30.0500
  -85.4200   30.0500
  -85.4300   30.0700
  -85.4500   30.0300
  -85.4800   30.0500
  -85.4800   30.1000
  -85.5200   30.1000
  -85.5000   30.1300
  -85.5300   30.1200
  -85.5700   30.1300
  -85.5700   30.1200
  -85.6300   30.1500
  -85.6300   30.1300
  -85.7200   30.1800
  -85.7000   30.2000
  -85.6700   30.2500
  -85.6000   30.2500
  -85.5800   30.2800
  -85.5500   30.2800
  -85.5700   30.3200
  -85.6200   30.2700
  -85.6500   30.2800
  -85.6800   30.2700
  -85.7200   30.2300
  -85.7200   30.2800
  -85.7500   30.2800
  -85.7500   30.3200
  -85.7700   30.2800
  -85.8300   30.2800
  -85.8500   30.2500
  -85.8300   30.2300
  -85.8000   30.2500
  -85.7700   30.2300
  -85.7500   30.2300
  -85.7300   30.2200
  -85.7500   30.1700
  -85.7000   30.1500
  -85.7200   30.1300
  -85.7300   30.1500
  -85.7300   30.1300
  -85.8700   30.2200
  -86.0800   30.3000
  -86.3200   30.3700
  -86.5200   30.4000
  -86.4800   30.4200
  -86.4000   30.4000
  -86.3300   30.4000
  -86.3200   30.4300
  -86.2800   30.4000
  -86.2300   30.4000
  -86.2700   30.4200
  -86.2500   30.4300
  -86.1000   30.3700
  -86.1200   30.4000
  -86.1200   30.4300
  -86.1500   30.4500
  -86.1300   30.4700
  -86.1300   30.4800
  -86.1700   30.4700
  -86.2000   30.4700
  -86.2000   30.5000
  -86.2300   30.4800
  -86.2700   30.5000
  -86.3500   30.4800
  -86.4200   30.4500
  -86.4300   30.4800
  -86.4200   30.5200
  -86.4500   30.5200
  -86.4700   30.5000
  -86.4800   30.5200
  -86.4800   30.5000
  -86.5000   30.4700
  -86.5500   30.4300
  -86.6000   30.4500
  -86.5800   30.4200
  -86.7800   30.4200
  -87.1800   30.3500
  -87.1800   30.3800
  -87.0000   30.4200
  -86.9300   30.4500
  -86.8800   30.4300
  -86.9000   30.4700
  -87.0200   30.5000
  -87.0000   30.5500
  -86.9700   30.5700
  -87.0000   30.5700
  -87.0000   30.5800
  -87.0200   30.6000
  -87.0200   30.5700
  -87.0300   30.5500
  -87.0800   30.4500
  -87.1000   30.4500
  -87.1000   30.5300
  -87.1300   30.5300
  -87.1200   30.5500
  -87.1700   30.5800
  -87.1800   30.5800
  -87.1800   30.5300
  -87.1500   30.5000
  -87.1500   30.4700
  -87.2000   30.4200
  -87.2500   30.4000
  -87.2700   30.3500
  -87.3000   30.3500
  -87.3000   30.3200
  -87.5200   30.2800
  -87.5000   30.2800
  -87.5300   30.2800
  -87.5000   30.3000
  -87.4500   30.3200
  -87.4800   30.3300
  -87.4300   30.3300
  -87.4200   30.3500
  -87.4200   30.3700
  -87.4200   30.4000
  -87.3300   30.4300
  -87.3500   30.4500
  -87.4200   30.4800
  -87.4000   30.4300
  -87.4300   30.4000
  -87.4700   30.3500
  -87.5200   30.3500
  -87.5200   30.3300
  -87.5300   30.3200
  -87.5800   30.3200
  -87.5800   30.3300
  -87.6200   30.3500
  -87.6000   30.3000
  -87.5700   30.3000
  -87.5700   30.2800
  -87.7300   30.2300
  -87.9500   30.2300
  -88.0000   30.2200
  -88.0200   30.2300
  -87.9700   30.2300
  -87.9300   30.2700
  -87.8700   30.2300
  -87.7800   30.2700
  -87.7500   30.2800
  -87.8300   30.3500
  -87.8200   30.4000
  -87.8200   30.4200
  -87.8300   30.4000
  -87.8500   30.3800
  -87.9200   30.4200
  -87.9200   30.4700
  -87.9500   30.4800
  -87.9000   30.5500
  -87.9200   30.6000
  -87.9500   30.6700
  -88.0000   30.6800
  -88.0200   30.7300
  -88.0200   30.7000
  -88.0500   30.6500
  -88.0500   30.6000
  -88.0800   30.5800
  -88.1000   30.5200
  -88.1200   30.3700
  -88.1300   30.3200
  -88.1500   30.3300
  -88.2000   30.3300
  -88.2000   30.3700
  -88.3000   30.4000
  -88.3000   30.3800
  -88.3500   30.4000
  -88.4000   30.3800
  -88.4000   30.3800
  -88.4000   30.3500
  -88.4300   30.3500
  -88.4700   30.3200
  -88.5000   30.3500
  -88.5700   30.3500
  -88.6000   30.4000
  -88.6200   30.3700
  -88.6800   30.3500
  -88.7300   30.3500
  -88.7800   30.3800
  -88.8500   30.4300
  -88.9200   30.4300
  -88.9800   30.4200
  -88.8700   30.4000
  -88.8700   30.4000
  -89.0500   30.3700
  -89.0800   30.3500
  -89.2500   30.3200
  -89.2700   30.3200
  -89.2500   30.3500
  -89.3000   30.3700
  -89.3300   30.3700
  -89.3500   30.3500
  -89.3200   30.3500
  -89.3200   30.3000
  -89.4200   30.2500
  -89.4500   30.1800
  -89.4700   30.2000
  -89.5200   30.1800
  -89.5200   30.1800
  -89.5800   30.1500
  -89.6200   30.1500
  -89.5800   30.1700
  -89.6000   30.1800
  -89.6300   30.1700
  -89.7500   30.1800
  -89.7500   30.2300
  -89.8000   30.2200
  -89.8500   30.2300
  -89.8700   30.2500
  -89.9800   30.2700
  -90.0000   30.3200
  -90.0500   30.3500
  -90.2000   30.3800
  -90.2300   30.3700
  -90.3500   30.2500
  -90.4200   30.2000
  -90.4300   30.1500
  -90.4200   30.1000
  -90.3500   30.0700
  -90.3000   30.0700
  -90.1300   30.0200
  -90.0200   30.0300
  -89.9700   30.0700
  -89.9000   30.1200
  -89.8800   30.1500
  -89.8500   30.1500
  -89.8300   30.1200
  -89.7800   30.0800
  -89.7500   30.1700
  -89.7300   30.1700
  -89.7500   30.1200
  -89.7300   30.1000
  -89.7200   30.1200
  -89.6800   30.1300
  -89.6800   30.1500
  -89.7000   30.1500
  -89.7000   30.1500
  -89.6700   30.1700
  -89.6700   30.1500
  -89.6500   30.1300
  -89.6700   30.1200
  -89.6800   30.0700
  -89.7200   30.0500
  -89.7200   30.0300
  -89.7800   30.0500
  -89.8300   30.0300
  -89.8500   30.0200
  -89.8200   29.9500
  -89.7500   29.9500
  -89.7200   29.9500
  -89.7200   29.9500
  -89.7300   29.9200
  -89.6800   29.8800
  -89.6500   29.8700
  -89.6000   29.8800
  -89.5700   29.9700
  -89.5700   30.0000
  -89.5000   30.0300
  -89.4800   30.0800
  -89.4300   30.0500
  -89.4300   30.0300
  -89.3700   30.0500
  -89.3700   30.0300
  -89.4300   30.0200
  -89.4500   30.0000
  -89.4300   30.0000
  -89.4500   29.9700
  -89.4300   29.9700
  -89.3700   29.9700
  -89.3700   29.9300
  -89.4000   29.9300
  -89.4200   29.9500
  -89.4300   29.9300
  -89.4200   29.9000
  -89.3700   29.9200
  -89.3800   29.8700
  -89.3700   29.8800
  -89.3300   29.8800
  -89.3800   29.8300
  -89.3500   29.7800
  -89.3800   29.7800
  -89.4000   29.7700
  -89.4000   29.7800
  -89.4300   29.7800
  -89.4300   29.8000
  -89.4700   29.8300
  -89.4800   29.8000
  -89.5000   29.7800
  -89.5200   29.7500
  -89.5700   29.7500
  -89.6000   29.7300
  -89.6000   29.6800
  -89.5500   29.6800
  -89.5300   29.6800
  -89.5200   29.6800
  -89.5000   29.6700
  -89.5300   29.6700
  -89.4800   29.6300
  -89.5500   29.6700
  -89.6200   29.6700
  -89.6300   29.6800
  -89.7000   29.7000
  -89.7000   29.7000
  -89.6500   29.6800
  -89.6700   29.6700
  -89.6200   29.6200
  -89.7500   29.6300
  -89.7200   29.6200
  -89.7300   29.6000
  -89.7000   29.5800
  -89.6800   29.5200
  -89.6200   29.5000
  -89.5800   29.5000
  -89.5800   29.4800
  -89.5200   29.4700
  -89.5300   29.4300
  -89.5300   29.4200
  -89.5200   29.4300
  -89.5200   29.4200
  -89.5500   29.4000
  -89.5500   29.4000
  -89.4200   29.4000
  -89.4200   29.3800
  -89.3300   29.3800
  -89.3300   29.3800
  -89.3700   29.3800
  -89.3800   29.3700
  -89.3500   29.3500
  -89.2700   29.3500
  -89.2500   29.3200
  -89.2000   29.3500
  -89.1800   29.3200
  -89.1300   29.2800
  -89.1300   29.2700
  -89.1200   29.2500
  -89.1500   29.2300
  -89.0700   29.2000
  -89.0700   29.2200
  -89.0300   29.2200
  -89.0000   29.2000
  -89.0300   29.1800
  -89.0000   29.1800
  -89.0300   29.1800
  -89.0500   29.1700
  -89.0500   29.1800
  -89.0700   29.1800
  -89.1000   29.1700
  -89.1000   29.1300
  -89.0700   29.1500
  -89.0200   29.1300
  -89.0500   29.0800
  -89.0800   29.1200
  -89.1000   29.1200
  -89.0800   29.0800
  -89.1000   29.1000
  -89.1300   29.0700
  -89.1500   29.0300
  -89.1300   28.9800
  -89.1800   29.0200
  -89.2300   29.1000
  -89.2500   29.0700
  -89.3000   29.0500
  -89.3700   28.9500
  -89.4200   28.9300
  -89.4000   28.9700
  -89.3500   29.0300
  -89.3500   29.0700
  -89.3000   29.0800
  -89.2700   29.1500
  -89.2800   29.1500
  -89.3000   29.1200
  -89.3200   29.1800
  -89.3300   29.1500
  -89.3200   29.1200
  -89.3700   29.0800
  -89.4000   29.1000
  -89.4000   29.1500
  -89.4300   29.1500
  -89.4800   29.2300
  -89.4700   29.2300
  -89.4700   29.2500
  -89.5000   29.2500
  -89.5000   29.2200
  -89.5300   29.2300
  -89.6200   29.2500
  -89.6200   29.2800
  -89.6300   29.3000
  -89.6200   29.3200
  -89.6200   29.3300
  -89.6500   29.3300
  -89.7000   29.3000
  -89.7300   29.3200
  -89.8200   29.3200
  -89.7700   29.3300
  -89.7500   29.3700
  -89.7700   29.3800
  -89.7800   29.3800
  -89.7700   29.4200
  -89.8200   29.4000
  -89.8300   29.4300
  -89.8000   29.4500
  -89.8200   29.4700
  -89.8500   29.4800
  -89.8500   29.4700
  -89.8500   29.4500
  -89.8700   29.4300
  -89.9000   29.4700
  -89.9500   29.4700
  -89.9700   29.4700
  -89.9800   29.4800
  -90.0700   29.5200
  -90.0700   29.5300
  -90.1300   29.5300
  -90.1800   29.5700
  -90.2000   29.5300
  -90.1800   29.5300
  -90.2200   29.5200
  -90.1800   29.5200
  -90.1700   29.4800
  -90.1500   29.4800
  -90.1300   29.4700
  -90.0500   29.4700
  -90.0300   29.4300
  -90.0500   29.4000
  -90.0300   29.3800
  -90.0300   29.3300
  -90.0500   29.3500
  -90.0500   29.3500
  -90.0200   29.3000
  -90.0500   29.3000
  -90.0500   29.3200
  -90.0800   29.3000
  -90.0700   29.2800
  -90.1000   29.2700
  -90.0800   29.2200
  -90.0500   29.2200
  -90.0700   29.1800
  -90.1300   29.1300
  -90.2300   29.0800
  -90.2500   29.0800
  -90.2300   29.1000
  -90.2300   29.1200
  -90.2700   29.1700
  -90.2500   29.1800
  -90.2700   29.2000
  -90.2500   29.2200
  -90.2500   29.2500
  -90.2700   29.2700
  -90.2800   29.2300
  -90.3000   29.2500
  -90.3300   29.2800
  -90.3500   29.3200
  -90.3800   29.2500
  -90.4000   29.2500
  -90.4000   29.2500
  -90.3800   29.3200
  -90.4200   29.3300
  -90.4300   29.3500
  -90.4500   29.3200
  -90.4800   29.2800
  -90.5000   29.3000
  -90.5200   29.2800
  -90.5500   29.3000
  -90.5700   29.3200
  -90.6000   29.3000
  -90.6000   29.2800
  -90.5700   29.2800
  -90.6000   29.2300
  -90.5800   29.2200
  -90.6200   29.2300
  -90.6300   29.2200
  -90.6300   29.1300
  -90.6500   29.1700
  -90.6700   29.1700
  -90.6800   29.1300
  -90.7000   29.1200
  -90.7200   29.1300
  -90.7500   29.1200
  -90.8000   29.1300
  -90.8000   29.1300
  -90.7700   29.1300
  -90.7700   29.1700
  -90.8200   29.1700
  -90.8500   29.1800
  -90.8300   29.1500
  -90.8800   29.1300
  -90.9500   29.1800
  -91.0200   29.1800
  -90.9800   29.2200
  -91.0000   29.2200
  -91.0300   29.2200
  -91.0500   29.1800
  -91.1300   29.2200
  -91.2000   29.2300
  -91.2700   29.2500
  -91.3000   29.2700
  -91.3300   29.3300
  -91.3200   29.3200
  -91.2800   29.3300
  -91.2700   29.3700
  -91.2300   29.3800
  -91.2000   29.3200
  -91.1700   29.3300
  -91.1700   29.2800
  -91.1500   29.2500
  -91.1200   29.2700
  -91.1200   29.3500
  -91.2200   29.4000
  -91.2300   29.4300
  -91.2700   29.4700
  -91.2700   29.5300
  -91.2200   29.5700
  -91.2200   29.6000
  -91.2500   29.6200
  -91.2500   29.6000
  -91.2500   29.5700
  -91.2800   29.5500
  -91.2800   29.5200
  -91.3000   29.4800
  -91.4300   29.5200
  -91.4200   29.5500
  -91.5500   29.5300
  -91.5300   29.5500
  -91.5500   29.6300
  -91.6500   29.6300
  -91.6200   29.7300
  -91.6300   29.7500
  -91.8000   29.7300
  -91.8500   29.7200
  -91.8700   29.7200
  -91.8700   29.7500
  -91.8800   29.7700
  -91.8700   29.8000
  -91.8200   29.7800
  -91.8300   29.8300
  -91.9200   29.8300
  -91.9300   29.8200
  -91.9700   29.8300
  -91.9800   29.8300
  -91.9800   29.8000
  -92.0800   29.7700
  -92.1300   29.7300
  -92.1300   29.7700
  -92.1700   29.7700
  -92.1700   29.7500
  -92.2000   29.7700
  -92.1800   29.7000
  -92.1000   29.7200
  -92.1300   29.6800
  -92.1000   29.6200
  -92.0300   29.6300
  -92.0200   29.6200
  -92.0700   29.6200
  -92.0500   29.6000
  -92.0500   29.5800
  -92.1800   29.5800
  -92.2800   29.5300
  -92.6800   29.6000
  -93.0300   29.7300
  -93.2300   29.7800
  -93.7200   29.7700
  -93.8300   29.7000
  -93.8800   29.7500
  -93.9000   29.8000
  -93.8700   29.8300
  -93.8000   29.8300
  -93.7700   29.9000
  -93.7700   29.9700
  -93.8000   30.0000
  -93.7800   29.9800
  -93.8500   29.9800
  -93.8800   29.9300
  -93.9500   29.8300
  -93.9500   29.8000
  -93.8800   29.7300
  -93.8500   29.6800
  -93.8500   29.6800
  -94.0500   29.6800
  -94.1300   29.6500
  -94.6500   29.4500
  -94.7700   29.3700
  -94.7800   29.3700
  -94.7800   29.4000
  -94.7200   29.4300
  -94.7000   29.4700
  -94.6300   29.4800
  -94.5700   29.5300
  -94.5000   29.5200
  -94.4800   29.5700
  -94.5200   29.5500
  -94.5700   29.5700
  -94.6300   29.5700
  -94.7800   29.5300
  -94.8000   29.5300
  -94.8000   29.5500
  -94.7700   29.5500
  -94.7200   29.6500
  -94.7000   29.7500
  -94.7500   29.7800
  -94.8300   29.7700
  -94.8800   29.6800
  -94.9000   29.6700
  -94.9300   29.6700
  -94.9500   29.7000
  -95.0000   29.7200
  -95.0700   29.7200
  -95.0300   29.6800
  -95.0000   29.6800
  -95.0300   29.6300
  -94.9800   29.6000
  -95.0200   29.5700
  -95.0200   29.5300
  -95.0000   29.5200
  -94.9200   29.5000
  -94.9300   29.4800
  -94.9700   29.4700
  -94.9500   29.4200
  -94.9200   29.4200
  -94.9200   29.4300
  -94.9000   29.4200
  -94.8800   29.4000
  -94.8200   29.3700
  -94.9000   29.3700
  -94.9000   29.3200
  -94.9300   29.3000
  -94.9500   29.3200
  -95.0000   29.2800
  -95.0000   29.2700
  -95.0300   29.2200
  -95.1000   29.1800
  -95.1200   29.1800
  -95.1200   29.2000
  -95.1700   29.2000
  -95.1500   29.1700
  -95.1500   29.0700
  -95.1300   29.0500
  -95.3700   28.8800
  -95.4200   28.8700
  -95.6800   28.7300
  -95.6800   28.7300
  -95.7500   28.7300
  -95.8200   28.7300
  -95.9300   28.7000
  -95.9500   28.6800
  -95.9500   28.6200
  -95.7200   28.7200
  -95.8300   28.6500
  -95.9800   28.6000
  -96.2200   28.4800
  -96.1500   28.5300
  -96.0000   28.6000
  -95.9800   28.6300
  -95.9800   28.6500
  -96.2200   28.5800
  -96.2200   28.6000
  -96.1800   28.6000
  -96.1300   28.6300
  -96.2200   28.6300
  -96.1800   28.6700
  -96.1800   28.7000
  -96.2700   28.6700
  -96.2700   28.6800
  -96.3000   28.6500
  -96.3500   28.6300
  -96.3500   28.6500
  -96.3800   28.6700
  -96.3800   28.7200
  -96.4000   28.7300
  -96.4200   28.7300
  -96.4300   28.7700
  -96.4300   28.7000
  -96.4000   28.7200
  -96.4200   28.6800
  -96.4200   28.6300
  -96.3700   28.6200
  -96.4800   28.5700
  -96.4800   28.6000
  -96.4300   28.6000
  -96.4500   28.6300
  -96.4800   28.6200
  -96.5000   28.6200
  -96.5000   28.6500
  -96.5500   28.6500
  -96.5700   28.7000
  -96.5800   28.7200
  -96.6500   28.7200
  -96.6500   28.6800
  -96.6000   28.6300
  -96.6000   28.5700
  -96.5200   28.5500
  -96.4800   28.5200
  -96.5500   28.4800
  -96.5500   28.4700
  -96.5000   28.4800
  -96.4800   28.5000
  -96.4300   28.4700
  -96.4000   28.4500
  -96.4000   28.4300
  -96.6500   28.3200
  -96.7000   28.3300
  -96.7000   28.4000
  -96.7300   28.4200
  -96.7500   28.4300
  -96.7800   28.4800
  -96.8200   28.4500
  -96.7700   28.4200
  -96.7700   28.4000
  -96.8300   28.4200
  -96.8300   28.4000
  -96.7800   28.3500
  -96.8000   28.2800
  -96.7800   28.2300
  -96.8700   28.1700
  -96.8800   28.1300
  -96.9300   28.1300
  -96.9200   28.2000
  -96.9300   28.2200
  -96.9000   28.2500
  -96.9200   28.2700
  -96.9500   28.2200
  -96.9300   28.1800
  -96.9700   28.1200
  -97.0200   28.1300
  -97.0000   28.1800
  -97.0200   28.2000
  -97.0300   28.1800
  -97.1200   28.1500
  -97.1500   28.1700
  -97.1800   28.1500
  -97.1500   28.1200
  -97.2200   28.0700
  -97.1500   28.0300
  -97.1500   28.0000
  -97.1000   28.0700
  -97.0500   28.0800
  -97.0300   28.1200
  -97.0200   28.1000
  -97.0300   28.0700
  -97.0200   28.0300
  -97.1000   27.9700
  -97.2000   27.8200
  -97.2300   27.8200
  -97.2200   27.8300
  -97.2500   27.8700
  -97.2700   27.8800
  -97.3500   27.8500
  -97.3500   27.8700
  -97.4500   27.8700
  -97.4700   27.8500
  -97.5000   27.8800
  -97.5200   27.8700
  -97.4800   27.8200
  -97.3800   27.8300
  -97.4000   27.7800
  -97.3700   27.7500
  -97.3200   27.7200
  -97.2500   27.7000
  -97.3200   27.5700
  -97.4000   27.3300
  -97.4800   27.3000
  -97.5200   27.2800
  -97.5300   27.2800
  -97.5000   27.3000
  -97.5000   27.3300
  -97.4500   27.3300
  -97.4800   27.3500
  -97.4800   27.4000
  -97.5200   27.3800
  -97.5700   27.3300
  -97.5800   27.3300
  -97.6000   27.3000
  -97.6300   27.3000
  -97.6500   27.3300
  -97.6800   27.3800
  -97.7700   27.4700
  -97.7700   27.4500
  -97.7200   27.4000
  -97.7300   27.3800
  -97.7000   27.3700
  -97.7000   27.3500
  -97.6800   27.3300
  -97.7200   27.3200
  -97.6700   27.3200
  -97.6700   27.3000
  -97.7000   27.2800
  -97.7700   27.2800
  -97.7300   27.2700
  -97.6500   27.2700
  -97.6300   27.2500
  -97.5300   27.2300
  -97.4200   27.2700
  -97.4500   27.1700
  -97.4500   27.1200
  -97.5000   27.1000
  -97.4800   27.0700
  -97.4800   27.0500
  -97.4700   27.0200
  -97.5000   27.0000
  -97.5500   27.0200
  -97.5700   27.0000
  -97.5500   26.9200
  -97.5200   26.9000
  -97.4800   26.8800
  -97.4800   26.8700
  -97.5000   26.8500
  -97.5200   26.8700
  -97.5500   26.9000
  -97.5500   26.8700
  -97.5700   26.8300
  -97.5500   26.8200
  -97.5000   26.8000
  -97.4200   26.5500
  -97.4200   26.5000
  -97.4300   26.5200
  -97.4300   26.5000
  -97.4700   26.4800
  -97.4300   26.4800
  -97.4500   26.4200
  -97.4200   26.4200
  -97.4000   26.3700
  -97.3700   26.3700
  -97.3700   26.3300
  -97.3500   26.3500
  -97.3700   26.2800
  -97.3500   26.2700
  -97.3200   26.2800
  -97.3200   26.2500
  -97.3300   26.2300
  -97.3200   26.2000
  -97.3200   26.1700
  -97.3000   26.1200
  -97.2800   26.1000
  -97.2200   26.0800
  -97.2200   26.0700
  -97.2500   26.0700
  -97.2700   26.0300
  -97.2500   25.9800
  -97.1800   26.0200
  -97.1700   26.0800
  -97.1300   25.9700
       NaN       NaN
  -71.9200   41.0500
  -72.4500   40.8500
  -72.4700   40.8700
  -72.4300   40.8800
  -72.5000   40.8800
  -72.4800   40.8500
  -72.5000   40.8300
  -72.7200   40.7800
  -72.7300   40.7800
  -72.7200   40.7800
  -72.6500   40.8000
  -72.6700   40.8200
  -72.7200   40.8200
  -72.7500   40.8000
  -72.8200   40.8000
  -72.8200   40.7800
  -72.8700   40.7500
  -72.9000   40.7700
  -72.9300   40.7500
  -73.0200   40.7500
  -73.0300   40.7300
  -73.1300   40.7300
  -73.1500   40.7000
  -73.2300   40.7200
  -73.2500   40.7000
  -73.3800   40.6700
  -73.5500   40.6500
  -73.6500   40.6200
  -73.6800   40.6300
  -73.7000   40.6200
  -73.7000   40.6000
  -73.6000   40.6000
  -73.5800   40.6000
  -73.7700   40.6000
  -73.9200   40.5700
  -73.9300   40.5700
  -73.8300   40.6000
  -73.7700   40.6200
  -73.7700   40.6300
  -73.8500   40.6700
  -73.9000   40.6300
  -73.8700   40.6200
  -73.8800   40.6000
  -74.0000   40.5800
  -74.0000   40.6000
  -74.0300   40.6300
  -74.0300   40.6500
  -73.9200   40.7800
  -73.8500   40.8000
  -73.8300   40.8000
  -73.7700   40.7800
  -73.7500   40.8300
  -73.7200   40.8200
  -73.6800   40.8300
  -73.7300   40.8500
  -73.7200   40.8700
  -73.6800   40.8700
  -73.6500   40.8200
  -73.6300   40.9000
  -73.5700   40.9200
  -73.4700   40.9000
  -73.4800   40.9300
  -73.4800   40.9500
  -73.4300   40.9300
  -73.4300   40.9200
  -73.4200   40.9000
  -73.3500   40.9200
  -73.3700   40.9300
  -73.4000   40.9300
  -73.4000   40.9500
  -73.2300   40.9200
  -73.1500   40.9300
  -73.1500   40.9700
  -73.1000   40.9800
  -73.1000   40.9500
  -73.0700   40.9700
  -72.6500   40.9800
  -72.4800   41.0500
  -72.4500   41.0800
  -72.3800   41.1000
  -72.3500   41.1300
  -72.2800   41.1700
  -72.2300   41.1700
  -72.2500   41.1300
  -72.2800   41.1200
  -72.2800   41.1300
  -72.3200   41.1300
  -72.3800   41.1000
  -72.4200   41.0700
  -72.3800   41.0300
  -72.4300   41.0300
  -72.4300   40.9800
  -72.4500   41.0200
  -72.4800   41.0000
  -72.5200   40.9800
  -72.5500   40.9500
  -72.6200   40.9200
  -72.6200   40.9200
  -72.4300   40.9200
  -72.4300   40.9500
  -72.4000   40.9700
  -72.3700   41.0000
  -72.3300   41.0000
  -72.3300   41.0300
  -72.3000   41.0300
  -72.3000   41.0200
  -72.2500   41.0200
  -72.2500   41.0500
  -72.2000   41.0200
  -72.1800   41.0500
  -72.1700   41.0500
  -72.1300   41.0300
  -72.1000   41.0000
  -72.0200   41.0300
  -72.0000   41.0500
  -71.9700   41.0500
  -71.9500   41.0700
  -71.9200   41.0700
  -71.9200   41.0800
  -71.8500   41.0700
  -71.9200   41.0500
       NaN       NaN
  -70.7200   41.4500
  -70.4700   41.4200
  -70.3800   41.3800
  -70.3500   41.3700
  -70.4000   41.3500
  -70.5300   41.3300
  -70.5300   41.3300
  -70.7000   41.3300
  -70.7800   41.3200
  -70.8300   41.3500
  -70.7200   41.4500
       NaN       NaN
